0,1.3879004503480785,0
0,2.4020981740660097,1
0,2.102406503252724,2
0,1.242042267075278,3
0,3.0860132567578327,4
0,2.3408375884139323,5
0,2.162143657225395,6
0,1.8572272621780443,7
0,2.0501992686488903,8
0,1.5806556940786476,9
0,1.5959842227129302,10
0,2.265714242383973,11
0,1.5767137869833823,12
0,2.8252658640874513,13
0,2.1967256992117035,14
0,1.3749200101904306,15
0,1.7981043725057138,16
0,3.4467175627855755,17
0,1.4539805178802245,18
0,2.4788138771912918,19
0,4.708129319450712,20
0,3.886324902316048,21
0,1.8662841135986996,22
0,4.428071461604033,23
0,1.851214307013076,24
0,2.376207560856145,25
0,1.8392402682290518,26
0,1.7025475896252842,27
0,1.4152862282901018,28
0,1.7644934343716172,29
0,1.7464817910119816,30
0,1.3038345442625328,31
0,1.0040247176405954,32
0,1.0040247176405954,33
0,1.0040247176405954,34
0,1.0040247176405954,35
0,1.0040247176405954,36
0,1.0040247176405954,37
0,1.0040247176405954,38
0,1.0040247176405954,39
0,1.2320587252693675,40
0,3.7422882686066576,41
0,1.0040247176405954,42
0,1.0040247176405954,43
0,1.0040247176405954,44
0,1.0040247176405954,45
0,1.0040247176405954,46
0,1.4327023652296293,47
0,2.7066920432304427,48
0,1.8491137248670273,49
0,1.297056973472197,50
0,1.5733904681976443,51
0,1.374054791493779,52
0,2.0844829785157843,53
0,1.688107717297501,54
0,1.3650825784754235,55
0,2.0513510958670897,56
0,2.6289016763772355,57
0,2.0831436765519005,58
0,2.461249230427663,59
0,2.764406361300387,60
0,2.185362531379306,61
0,1.2881130400953726,62
0,1.3593095062191045,63
0,1.6667677166639259,64
0,1.3978779471390212,65
0,1.465473452730557,66
0,2.506687401187666,67
0,2.012911815774348,68
0,1.4607501702740067,69
0,2.60058386028257,70
0,2.5708021733372313,71
1,2.344463294205449,0
1,2.046037896331705,1
1,3.314731206602924,2
1,1.885782490815191,3
1,3.0234100506898627,4
1,2.489422123982392,5
1,2.4366067698896923,6
1,3.6560414706533986,7
1,2.7438586633083717,8
1,2.084681904039897,9
1,2.5717651087210145,10
1,6.098001571663909,11
1,2.834916075858992,12
1,1.730717809177596,13
1,4.1944463734795105,14
1,4.5939324693948125,15
1,2.024192890755985,16
1,2.924348143740393,17
1,4.565867144035416,18
1,2.4054541325094787,19
1,3.7254701441436784,20
1,1.9832405318097786,21
1,2.7448829840239353,22
1,4.715262627794063,23
1,4.99861930140243,24
1,2.858430855602681,25
1,3.561312667747992,26
1,5.466084912588747,27
1,5.05313190472618,28
1,4.486986170442586,29
1,4.124237212239297,30
1,3.032091277549378,31
1,3.871043422272665,32
1,2.763709136425225,33
1,2.8797187898873107,34
1,2.830412102653589,35
1,2.9185815613321573,36
1,1.8993138033609434,37
1,2.634257780868737,38
1,3.564801984878602,39
1,2.767177557603088,40
1,2.0490678737845065,41
1,5.679069047337607,42
1,4.621972499002323,43
2,2.929349034307768,0
2,4.3604481119735645,1
2,2.745354542133203,2
2,2.3002657980197503,3
2,2.2258217982491826,4
2,4.361821135536735,5
2,2.524544114619163,6
2,2.8540446633301726,7
2,2.6909016676892232,8
2,3.8470719681544074,9
2,2.0404160229882713,10
2,3.5761480953477767,11
2,2.748688191062798,12
2,2.504969175261609,13
2,2.7298000192735024,14
2,2.5747691830916195,15
2,2.8323079772432913,16
2,1.6812292628554584,17
2,2.8880531880819267,18
2,3.9179288289940963,19
2,3.3020110077488294,20
2,3.015484760247684,21
2,3.341208488176785,22
2,2.49412772480839,23
2,3.653206162267958,24
2,4.768001285456119,25
2,2.12351766668848,26
2,2.431400360635533,27
2,2.996329825781586,28
2,4.817857860387422,29
2,2.9669257668926194,30
2,3.6910930269260263,31
2,4.27094568534228,32
2,2.4801077556843207,33
2,5.277501286357054,34
2,5.156444160499011,35
2,5.410500581924531,36
2,4.350984932576748,37
2,2.0830550246005823,38
2,4.3025583021225,39
2,1.730410629474383,40
2,2.6483667103830717,41
2,2.817808912053996,42
2,2.1874347418174445,43
2,2.36099001721397,44
2,1.7129502681964175,45
2,4.286798994997939,46
2,2.6374893823996164,47
3,1.028962894034419,0
3,1.028962894034419,1
3,1.028962894034419,2
3,1.028962894034419,3
3,1.028962894034419,4
3,1.028962894034419,5
3,1.028962894034419,6
3,1.028962894034419,7
3,1.3133994428881872,8
3,1.5206921776956672,9
3,1.1773844764520989,10
3,1.6261813168805537,11
3,1.229258971464568,12
3,1.5213169537501265,13
3,1.028962894034419,14
3,2.0750348845131676,15
3,1.028962894034419,16
3,1.8121188329965996,17
3,1.028962894034419,18
3,1.028962894034419,19
3,1.3232395192359323,20
3,1.2299172363810262,21
3,1.5649564184362232,22
3,1.4058603382675188,23
3,1.2490863296793977,24
3,1.3924804254452217,25
3,1.6103030631810196,26
3,2.0787340348977286,27
3,1.862801353217558,28
3,2.1777641595625177,29
3,1.2699267896122748,30
3,1.400184646591825,31
3,1.210407000457743,32
3,1.5653269651807382,33
3,1.2280564557902314,34
3,1.028962894034419,35
3,1.028962894034419,36
3,1.028962894034419,37
3,1.4086069533626893,38
3,1.028962894034419,39
3,1.2273271641639338,40
3,1.2429883239327915,41
3,1.028962894034419,42
3,1.028962894034419,43
3,1.028962894034419,44
3,1.3955239329341573,45
3,1.8033672968231167,46
3,2.241371372167162,47
3,1.028962894034419,48
3,1.506006624434358,49
3,1.028962894034419,50
3,1.408460535575129,51
3,1.3734199261846487,52
3,1.5360447709446043,53
3,1.2136926645176622,54
3,1.4021918181648907,55
3,1.028962894034419,56
3,1.210407000457743,57
3,1.1931232203495743,58
3,1.383620939183944,59
3,1.028962894034419,60
3,1.3469033870482625,61
3,1.7702101494343907,62
3,2.50205996109111,63
3,1.7426873673007939,64
4,3.065822937926519,0
4,3.751938122506792,1
4,1.9689167118666977,2
4,2.922755780789906,3
4,2.8364257549391265,4
4,2.8017700657330704,5
4,2.1604224597741353,6
4,2.4166629399123276,7
4,2.3955787746760886,8
4,2.200424582702929,9
4,2.6079586741504817,10
4,1.816869852262124,11
4,1.842086967548763,12
4,2.1960992643101096,13
4,2.4075193496451175,14
4,2.9508428890588383,15
4,1.0040247176405954,16
4,2.016911922083816,17
4,2.8525426090672408,18
4,1.3481000755051327,19
4,2.314819986527275,20
4,1.8799696379380015,21
4,1.821199285410005,22
4,2.9193317776427508,23
4,1.7688501907326606,24
4,1.8184779696100941,25
4,1.6210201141968863,26
4,1.7291345301352998,27
4,1.485994727288556,28
4,2.5159250827351642,29
4,1.2151100508996757,30
4,2.983019844913877,31
4,2.635717159048346,32
4,2.563636794484703,33
4,4.4958537767771976,34
4,2.5296281947316808,35
4,2.4929510485971402,36
4,2.2181139533524616,37
4,3.9776337908194788,38
4,2.906614681293096,39
5,4.233018451084589,0
5,2.7971440223282826,1
5,2.153606813794066,2
5,2.9561738161716957,3
5,3.10237163482921,4
5,2.746447520064916,5
5,3.7193176359401847,6
5,2.355246248411421,7
5,3.2445539168008857,8
5,2.9340842442627775,9
5,3.545886916581951,10
5,3.1090687353086217,11
5,2.741938315835793,12
5,4.592751363011172,13
5,4.083048540393422,14
5,4.166392157650111,15
5,3.147597509012424,16
5,3.287092759159559,17
5,3.162988761505588,18
5,3.5822081060695012,19
5,2.2718683081150983,20
5,2.818887722309044,21
5,2.6437344083890473,22
5,2.67946152142952,23
5,2.5476358780801935,24
5,2.861681427368308,25
5,2.6257940639427813,26
5,3.4410069475091736,27
5,2.6422757883423924,28
5,2.8721533815375313,29
5,2.7418615037498353,30
5,2.699049130480782,31
5,2.8475513126327976,32
5,2.6094698958828024,33
5,2.875404476251525,34
5,2.489340367327043,35
5,3.337829799298333,36
5,2.337988274324505,37
5,3.0583044921185243,38
5,2.622722797029294,39
5,2.7672761914688495,40
5,2.481941918733447,41
5,2.6239992004212596,42
5,2.7839006717455543,43
5,2.6411225693292657,44
5,3.114199887900156,45
5,3.382419268006533,46
5,3.1963688722072687,47
5,3.4732159374108487,48
6,2.6347302783625923,0
6,2.895151022317644,1
6,1.9762696534762332,2
6,3.4274859068029726,3
6,3.377102212627291,4
6,2.7123859242209685,5
6,2.1610304742136806,6
6,2.3856678826158184,7
6,2.358702359035285,8
6,1.9814754915300317,9
6,2.2191411976043347,10
6,2.1106947214254106,11
6,3.7923368830798028,12
6,1.9981345337045848,13
6,2.180795653360756,14
6,3.351143366099375,15
6,2.0338773782186235,16
6,2.7860722591588103,17
6,2.546771689182741,18
6,2.1981094637159564,19
6,2.0674797220447445,20
6,1.970660933365468,21
6,3.0182967962001417,22
6,2.9642569989827403,23
6,2.3434364235263616,24
6,2.6500070154404023,25
6,2.9673268729213733,26
6,2.50148869244891,27
6,2.8067982213582643,28
7,2.4329365921823896,0
7,2.336189336804425,1
7,3.288817752239272,2
7,3.346032629751308,3
7,2.512375467133267,4
7,3.851055193734171,5
7,3.127849452831298,6
7,1.8853980048423413,7
7,3.6177910699738605,8
7,3.5059286911320884,9
7,4.08033636777766,10
7,3.1788762621093447,11
7,3.4175952109347185,12
7,2.5077091269790195,13
7,2.0725256640065344,14
7,5.172684132709677,15
7,2.86689673118391,16
7,3.4468511016167884,17
7,3.1798309844800765,18
7,4.585917100088655,19
7,4.313142269060107,20
7,3.33423551282925,21
7,3.2736578226406645,22
7,2.43356487533259,23
7,4.018312776845866,24
7,2.8664299240453635,25
7,4.5605470527440835,26
7,2.1672419782138213,27
7,2.54280704504728,28
7,2.7528540538210113,29
7,4.445743203437481,30
7,3.5543311414234124,31
8,2.8559563675480883,0
8,3.1823504925750936,1
8,4.067162727088931,2
8,3.8590864658420876,3
8,3.9090154590451442,4
8,2.585517139397346,5
8,3.7772651202338454,6
8,4.963151917188938,7
8,4.066648340582177,8
8,4.3059191412742095,9
8,1.0040247176405954,10
8,3.166546414361869,11
8,2.595400951688611,12
8,2.328719246006236,13
8,4.361653188589735,14
8,4.719087603687467,15
8,3.1496341268675536,16
8,2.8768276870644924,17
8,2.717706224452999,18
8,3.3036556112931623,19
8,2.6917675934906553,20
8,4.845451745946893,21
8,2.940962127522577,22
8,3.036292105228397,23
8,2.065636386462046,24
8,4.681633886588211,25
8,3.9532567502266107,26
8,3.0853849792086487,27
8,2.8835912908292056,28
8,3.4975736081421505,29
8,3.6546418394806666,30
8,2.577128455738058,31
8,3.0843806630086266,32
8,3.28367171346984,33
8,3.530189196244884,34
8,1.9384155194664379,35
8,3.469784003660823,36
8,3.8847648681604783,37
8,3.6692037620089706,38
8,1.9125357700059948,39
9,2.4014523930115863,0
9,1.534899290845439,1
9,1.6630107753919894,2
9,1.700222957900738,3
9,3.283894452757881,4
9,1.1530014460674525,5
9,1.1530014460674525,6
9,1.8374330742180351,7
9,1.8636198359659066,8
9,1.4974304388818505,9
9,1.2959587774236763,10
9,2.2369248993568513,11
9,1.3342714215602935,12
9,2.4531591834155595,13
9,2.5573180231012587,14
9,2.5006389648370027,15
9,1.538273517252045,16
9,1.3066754998893195,17
9,1.3216423951708924,18
9,2.135792090988211,19
9,1.8144771597120273,20
9,1.749884644102146,21
9,2.634961768678755,22
9,1.5116038833897343,23
9,2.115104334869392,24
9,2.6478033859613506,25
9,2.530283408200705,26
9,1.7080760293905486,27
9,2.788399106515761,28
9,2.513672930021302,29
9,2.843229265864772,30
9,3.120242501641979,31
9,2.0581434134346663,32
9,2.6464594046511705,33
9,1.858907552685383,34
9,4.200311168755698,35
9,2.300118824519687,36
9,2.2245258637575374,37
9,1.1530014460674525,38
9,3.048702749833568,39
9,2.118005303089819,40
9,3.1973067414921643,41
9,1.6385443717444426,42
9,2.0442543744881045,43
9,2.616919042443202,44
9,2.6922253730142787,45
9,1.8088493857798653,46
9,2.388386955677439,47
9,2.7825814819211736,48
9,3.496013754381157,49
9,1.9633457111119765,50
9,1.9367829541355142,51
9,2.7417807716640157,52
9,1.4519136221926925,53
9,1.9865092562544855,54
9,2.291409766749335,55
9,1.7456507628510454,56
9,1.8486421717381947,57
9,1.9990322585845715,58
9,2.878157247416412,59
9,1.7120619241338082,60
9,2.943009935185481,61
9,1.7849321316572926,62
9,3.5505930265988583,63
9,2.5858976620991414,64
9,1.7646305839951792,65
9,2.8055815579417853,66
9,4.965389464486926,67
9,3.147612893187396,68
9,2.9736512732037896,69
9,1.3568966929495885,70
9,2.534688973660931,71
9,5.650016461589206,72
9,3.433135202801035,73
9,4.59279352059894,74
9,1.676910997057689,75
9,2.487796397966211,76
9,3.063652787390991,77
9,3.0068657760252973,78
9,1.898001045317837,79
10,1.028962894034419,0
10,1.028962894034419,1
10,1.028962894034419,2
10,1.028962894034419,3
10,1.2253503702525308,4
10,1.687267556042477,5
10,1.352572575322835,6
10,1.028962894034419,7
10,2.3379941272401754,8
10,4.179980384576629,9
10,1.5793319707618907,10
10,1.2804607000119876,11
10,1.8376758950940706,12
10,1.2429883239327915,13
10,1.2688227497363243,14
10,1.7574043959336403,15
10,1.5820146614537973,16
10,1.596499424364946,17
10,1.489114764890161,18
10,2.5445920237582684,19
10,1.9032911072615548,20
10,1.5583447471760057,21
10,1.2777939488784613,22
10,1.7918793881042439,23
10,1.3727864997491603,24
10,1.6853947948387369,25
10,1.8990469910251648,26
10,1.6534798438737124,27
10,1.028962894034419,28
10,1.210407000457743,29
10,1.7190512578774757,30
10,1.028962894034419,31
10,1.9412094049498108,32
10,1.23439391884454,33
10,1.028962894034419,34
10,1.5657015658885673,35
10,1.4500402284007128,36
10,1.2145260196528165,37
10,1.028962894034419,38
10,1.028962894034419,39
10,1.4463137496819212,40
10,1.845589631684157,41
10,1.5327485187292802,42
10,1.4571047700683633,43
10,1.9541724740636386,44
10,1.5760268527967842,45
10,1.7422744201228488,46
10,1.4177362784986098,47
10,1.4395499502160671,48
10,1.2205557579501203,49
10,1.028962894034419,50
10,1.3059023413031248,51
10,1.2854765913828399,52
10,3.3105476641708402,53
10,3.179407596625703,54
10,1.4048516730863645,55
10,3.2546669488427624,56
11,2.581941053605043,0
11,4.556924457559671,1
11,2.846733683983171,2
11,4.156665268953607,3
11,3.2209360379527903,4
11,4.135974263777106,5
11,2.7875642349966,6
11,6.301077518995722,7
11,2.93206396848918,8
11,3.108755568837345,9
11,10.733594707793442,10
11,2.6346830090957636,11
11,3.8751604875688384,12
11,5.448129433063306,13
11,1.8630974980670805,14
11,4.765080655499192,15
11,2.793137545088072,16
11,3.4374031779999132,17
11,3.4232041280888073,18
11,2.017275972976201,19
11,3.573427141187007,20
11,4.545562912888932,21
11,4.07304764830842,22
11,4.3615824760203585,23
11,1.0040247176405954,24
11,1.7488755076694424,25
11,8.087945215773711,26
11,5.034207511332631,27
11,3.1191517281137937,28
11,2.9741174599577835,29
11,4.658592925385898,30
11,2.418424235348029,31
11,3.4485489337821833,32
11,2.57339923009476,33
11,2.928868217637242,34
11,3.170737345268588,35
11,3.3095260780636697,36
11,3.4086943405163486,37
11,3.888895599775839,38
11,3.011289386957162,39
11,4.449535723382876,40
11,1.4133182688464383,41
11,4.439545243428618,42
11,5.824051479276372,43
11,4.363938445497888,44
11,2.521877609972325,45
11,4.02533991337955,46
11,4.2716228904388815,47
11,4.487041799392517,48
11,3.120303132019406,49
11,5.537966436553513,50
11,4.337970580266882,51
11,5.968101136163443,52
11,5.333772612242148,53
11,7.258884256486102,54
11,4.486427779577753,55
11,3.401840460185077,56
11,4.860935352856505,57
11,2.764223800552015,58
11,2.814952111531185,59
11,1.9876159423964623,60
11,3.1523089528920925,61
11,2.462874049795188,62
11,4.237721551707368,63
11,8.0750011551493,64
11,2.397660808504917,65
11,6.576711894087059,66
11,5.52386455498508,67
11,3.814978001400196,68
11,2.8140103284950886,69
11,6.623773964208053,70
11,3.895401065171873,71
11,3.2349874831411034,72
11,3.1296762970617245,73
11,2.661999620979203,74
11,1.3523948207686887,75
11,3.825291793939827,76
11,4.314133181957753,77
11,5.397541669448092,78
11,3.5290076995830786,79
11,3.107335782524515,80
11,4.61697504050004,81
11,2.9549751829408093,82
11,10.2051687771074,83
11,5.276379042807453,84
11,5.259200952272437,85
11,3.346710392400115,86
11,2.986695493582516,87
11,3.7484242591812573,88
11,5.050486943073075,89
11,5.389318379404136,90
11,4.136040825597437,91
11,6.062955194965276,92
11,6.170641239220032,93
11,2.2129408048326775,94
11,4.945451100489714,95
11,2.972612453723471,96
11,8.131014661978982,97
11,2.616501203964806,98
11,2.8237675107296343,99
11,11.433302304852377,100
11,4.9697751637863625,101
11,6.836171546402515,102
11,5.666865076890833,103
11,4.788648294970535,104
11,2.9930012331805047,105
11,3.4810965853734426,106
11,7.9332822775389555,107
11,2.309528118048917,108
11,5.426953883270892,109
11,4.8472259504915165,110
11,2.782102202885566,111
11,7.143494058911148,112
11,6.937309965533597,113
11,4.596472027457543,114
11,3.2254827076963686,115
11,4.167695133709256,116
11,2.277629472746794,117
11,2.4665417552201467,118
11,5.1651359034362425,119
11,7.174036033648969,120
11,3.0994557749509246,121
11,5.786582071360054,122
11,3.726533941001434,123
11,1.9130546362419687,124
11,3.4314425049540627,125
11,4.512994349685048,126
11,7.274665904213635,127
11,2.6958634176424905,128
11,3.590258587364205,129
11,2.3029718146631284,130
12,1.475967838391935,0
12,2.250895848568455,1
12,1.714662009112074,2
12,2.2441676791861944,3
12,1.8201148489019336,4
12,1.327429824495072,5
12,1.8174830073691208,6
12,2.97078202379431,7
12,1.8311632877961166,8
12,1.68512990960309,9
12,2.0655439242676974,10
12,1.48678415938644,11
12,2.0975713484582994,12
12,2.2675823082137616,13
12,2.582115577203509,14
12,1.5005988601624471,15
12,1.8551732649965587,16
12,1.5978978237829617,17
12,2.103955568776298,18
12,2.064762162453237,19
12,2.4242475158108534,20
12,2.792930113762764,21
12,1.9146355885229807,22
12,1.8025965499865892,23
12,2.5027450291374578,24
12,2.4886927892483595,25
12,2.062909445711804,26
12,2.1311381290237543,27
12,1.7672639446476253,28
12,3.05675615554849,29
12,2.007320420960951,30
12,2.3662636935720283,31
12,3.3348027534002096,32
12,2.1670613953294886,33
12,3.0217046707735724,34
12,2.5752277869179547,35
12,2.5842023090696578,36
12,1.4770854939971327,37
12,1.2214202888336054,38
12,1.71022983765878,39
12,1.8415157826467012,40
12,3.6826065949021634,41
12,2.9133253709817497,42
12,2.5506990328800585,43
12,1.874104997516373,44
12,2.702089625971625,45
12,1.859694063250508,46
12,2.894115475742135,47
12,2.287402505745343,48
12,2.3094042286291527,49
12,2.781802073628998,50
12,3.608588188175124,51
12,2.3161126120019477,52
12,2.893965747250219,53
13,1.7359929149979945,0
13,1.028962894034419,1
13,1.5630001892008907,2
13,1.4577138041514455,3
13,1.3381059930134693,4
13,1.028962894034419,5
13,1.028962894034419,6
13,1.028962894034419,7
13,1.028962894034419,8
13,1.272636628912936,9
13,1.2354570105192002,10
13,1.4116785981077367,11
13,1.028962894034419,12
13,1.028962894034419,13
13,5.825720770075022,14
13,1.3212388872019782,15
13,1.643522620594077,16
13,1.028962894034419,17
13,1.3387527020559407,18
13,1.028962894034419,19
13,1.330002083921125,20
13,1.7334747558225407,21
13,1.028962894034419,22
13,1.3133994428881872,23
13,1.393380957584719,24
13,1.1648045156672602,25
13,1.3398800937944058,26
13,1.1648045156672602,27
13,1.7079647554885926,28
13,1.3460624981562914,29
13,1.6366845219150072,30
13,1.8183444383613871,31
13,1.5476960861452995,32
13,2.6186833087417387,33
14,1.7362159141540086,0
14,1.8491829416639711,1
14,2.6623658508557693,2
14,3.49024393151621,3
14,2.346186093758662,4
14,2.375913265692247,5
14,5.452247964352057,6
14,2.9064532188883208,7
14,3.5851660995877603,8
14,2.3147630039571343,9
14,2.6418236677551197,10
14,2.505445064411925,11
14,3.514423132192233,12
14,2.988221522624387,13
14,2.300890265886957,14
14,4.1612438523715705,15
14,3.184474511138352,16
14,2.877728057466002,17
14,3.8771349246613935,18
14,3.0392123074723894,19
14,2.0851758830357596,20
14,4.285592631767163,21
14,3.6250467633346326,22
14,4.1563298201120205,23
14,3.25629185394867,24
14,4.196837635996684,25
14,4.179033736052744,26
14,3.7346273947598623,27
14,4.546598008776435,28
14,4.877404453087429,29
14,1.9157914141446128,30
14,4.616072495172479,31
14,6.396440220437837,32
14,5.053867464559713,33
14,2.9878332639461775,34
14,4.829270726435244,35
14,3.575954555811608,36
14,4.6026454502789145,37
14,4.357645180092786,38
14,2.70659347152912,39
14,3.7938959814754316,40
14,2.476678202043487,41
14,3.7201393046637015,42
14,3.3512160735985197,43
14,5.122845399332038,44
14,3.754066817192825,45
14,3.2909865457059535,46
14,5.959211753517441,47
14,3.3380180114554423,48
14,4.338385852634497,49
14,4.299633686905358,50
14,6.0588599716725335,51
14,3.072231278773769,52
14,5.131783318338749,53
14,5.170834567455837,54
14,3.3400165796732564,55
14,5.464912143839386,56
14,2.828479732583134,57
14,2.8146054906737237,58
15,3.3008688899342897,0
15,4.579340292898757,1
15,3.973638537966405,2
15,3.855572908634227,3
15,2.4628329464929797,4
15,2.734220160595206,5
15,2.2193429202344492,6
15,2.531519199828503,7
15,2.7781782080382635,8
15,3.2564486825414614,9
15,2.6734840864481804,10
15,3.027459900708996,11
15,2.154298170099519,12
15,2.614174601289936,13
15,2.2014593807309195,14
15,2.83012430534849,15
15,2.4638820293077344,16
15,2.2417895671078254,17
15,4.415200740492635,18
15,3.4911406764676642,19
15,3.0693766779033176,20
15,3.5294789043994625,21
15,2.753815419206224,22
15,2.4986697507589133,23
15,4.093523398948797,24
15,4.404940766251056,25
15,2.228681861970972,26
15,1.9264746817430334,27
15,2.3284995320405764,28
15,2.6181203681802683,29
15,1.959150773981051,30
15,3.3983145746420367,31
15,3.566341088187913,32
15,3.736585907742693,33
15,3.3854665319791906,34
15,2.1186960909154395,35
15,2.762730155323517,36
15,2.0188100844490875,37
15,1.9272873678245177,38
15,2.8426355061465713,39
15,3.698568480083143,40
15,1.9633604562573297,41
15,2.258414711731654,42
15,3.0568308571758367,43
15,3.131354516791124,44
15,2.914224310260795,45
15,2.533457674896399,46
15,2.5400211750782757,47
15,2.981259770565484,48
15,3.9512195257752682,49
15,2.2415900797254045,50
15,2.3853981503713584,51
15,3.3770031789183492,52
15,2.173216528175597,53
15,1.9124479950885531,54
15,3.665952236154784,55
15,1.9371079485465497,56
15,1.7067245373087274,57
15,2.2640889936294033,58
15,2.563893213527835,59
15,1.8736940785431186,60
15,2.034598209586486,61
15,4.0097632308542135,62
15,2.3369588072357077,63
15,1.6365866781782181,64
15,4.258882474269986,65
15,2.3431824995978054,66
15,3.3594421898217126,67
15,2.148186247707019,68
15,1.8627577183047381,69
15,2.2097668937648436,70
15,2.431487895555106,71
15,3.098572834165303,72
15,2.2143753032334397,73
15,2.5239052804998057,74
15,4.316556143291384,75
15,2.454880939215616,76
15,2.0670042267811626,77
15,2.3887885840574348,78
15,2.255478042592851,79
15,2.370194928120225,80
15,2.4409503464898687,81
15,2.302639650502925,82
15,2.3505374415259848,83
15,2.6152204980001943,84
15,5.053801193519727,85
15,3.2727919714762974,86
16,2.3635402223072206,0
16,1.8462750945458175,1
16,2.5007570149835607,2
16,2.0923705157034247,3
16,3.1872632734434103,4
16,3.2325191687865833,5
16,1.6753654571697698,6
16,2.214916120222138,7
16,2.8683129955638247,8
16,2.4677290589356318,9
16,2.3257260912527067,10
16,2.5920163582301234,11
16,2.267027820947602,12
16,1.7405262956208867,13
16,3.6076281603138387,14
16,3.084779261283133,15
16,3.1666675883215185,16
16,2.9349927378293357,17
16,3.411733552478163,18
16,2.44871199975836,19
16,3.5507758812135632,20
16,4.282613179712103,21
16,2.4776364510669757,22
16,2.4375075266782122,23
16,3.24798183215468,24
16,3.264146823590948,25
16,2.526169913569784,26
16,2.8714539693251706,27
16,1.9234618022076537,28
16,2.5944288571537637,29
16,4.805413795638678,30
16,5.499172312919643,31
16,2.3890124204547725,32
16,3.6020893372728304,33
16,2.9937131209621377,34
16,2.8479929772752697,35
16,2.3583184400414,36
16,2.352193621272124,37
16,3.236656194441522,38
16,3.7282530921716908,39
16,2.2447512284521993,40
16,5.112151168266755,41
16,3.5464402775375627,42
16,4.194346371277186,43
16,6.911011154765383,44
16,2.8301455601860943,45
16,3.1878343915457727,46
16,2.7452265818554618,47
16,2.530071670492663,48
16,2.4323889347391767,49
16,2.587788930499037,50
16,3.745263703051048,51
16,3.2721428309111724,52
16,3.5985064681708883,53
16,5.026397556803418,54
16,2.9029462252117444,55
16,3.282476069254822,56
16,3.977659396130401,57
16,4.576329007749941,58
16,3.580178568788647,59
16,4.279490912554396,60
16,5.183555663975677,61
16,3.2151932002182386,62
16,8.011689180237953,63
16,3.74811237295614,64
16,3.3639301236574286,65
16,2.900041828760007,66
16,3.199287803439081,67
16,3.5666340223581834,68
16,2.172791828351869,69
16,2.2641383859487507,70
16,3.275587789410402,71
16,2.393269727277856,72
16,2.146431894434106,73
16,1.9595495994396082,74
16,2.9167006053461093,75
16,2.9176878864760765,76
16,3.168041972631768,77
17,3.958173213016305,0
17,5.300301522735303,1
17,2.395952907457763,2
17,2.17096406724209,3
17,1.6668706434349696,4
17,1.949482775514684,5
17,1.6281954661298577,6
17,1.5808321675399974,7
17,4.138088494545365,8
17,2.0320279084344213,9
17,3.0405998797883704,10
17,4.20911596348601,11
17,2.947143205063984,12
17,2.160417180160842,13
17,4.04331413374678,14
17,4.1719128518172015,15
17,2.263663130790702,16
17,2.4037839492945094,17
17,2.3882537114114286,18
17,2.566652332962827,19
17,1.6585814185004988,20
17,2.1721522800860367,21
17,1.8481599432574516,22
17,1.9693408842352622,23
17,2.0543844109503486,24
17,2.0383502884596614,25
17,2.3752716926530906,26
17,3.3778784798409784,27
17,2.1590014219061837,28
17,3.4716197675810676,29
17,4.562706979894131,30
17,2.7626214742385553,31
17,3.5921079897279404,32
17,3.0762599778565756,33
17,4.165337855033841,34
17,2.7905505840140745,35
17,3.6621539179231357,36
17,2.7885719614730093,37
17,3.5166547592103554,38
17,4.683890247108095,39
17,3.273618407585196,40
17,3.16031278485374,41
17,3.566202494919054,42
17,2.938036157467329,43
17,3.377584137611002,44
17,3.3700290188014144,45
17,2.7250442846261373,46
17,2.2924926816391586,47
17,3.1002155269939924,48
17,2.100303296824687,49
17,3.0722364061171605,50
17,1.6655597958217803,51
17,2.138605814292921,52
17,2.148343232785495,53
17,3.6873227260164816,54
17,1.9196760967637836,55
17,1.825585824357498,56
17,5.323890089948951,57
17,2.536925176809701,58
17,3.341751817763602,59
17,4.579238756642495,60
17,3.1351766888293895,61
17,2.5278497953731183,62
17,2.584073696835541,63
17,2.211132382491998,64
17,2.811036404819328,65
17,2.7483566098676944,66
17,1.9158282978912056,67
17,5.03071300070424,68
17,2.9810913186354657,69
17,2.190351880053938,70
17,2.165803674602884,71
17,2.61101436386052,72
17,2.2284383799357137,73
17,3.450111464124748,74
17,1.9794047738589535,75
17,3.3592796002093346,76
17,4.248975113087362,77
17,2.2757612686651534,78
17,2.394146900138239,79
17,3.923369105456659,80
17,1.8250157312027209,81
17,1.661512312125775,82
17,2.431439200244032,83
17,2.795451964697032,84
17,2.2681755961981604,85
17,3.256583778572659,86
17,4.8117123953275165,87
17,3.200440174488745,88
17,3.456566449156152,89
17,2.2031765023042227,90
17,2.450083919391772,91
17,3.382605558835072,92
17,2.111540692780547,93
17,2.6886318205761217,94
17,2.6159137850753753,95
17,1.936485600278457,96
17,2.6489715217736864,97
17,3.801324051219777,98
17,2.511925510942718,99
18,1.9433310908894776,0
18,2.228810587445517,1
18,2.6168114180907094,2
18,1.867266836871531,3
18,2.655595739457955,4
18,3.2168256245470315,5
18,2.965026732166953,6
18,2.9971607657317265,7
18,1.9670292324024539,8
18,2.49550872725084,9
18,2.7172758566446777,10
18,2.18640575416424,11
18,2.340313870935863,12
18,3.0701513821709505,13
18,3.8360902829144603,14
18,3.872572093910226,15
18,3.957781124242525,16
18,3.706137713678918,17
18,2.3061857102562047,18
18,2.5585452106864617,19
18,3.950956233209467,20
18,2.507731697218458,21
18,2.2392831690158754,22
18,2.243626540080542,23
18,5.159930050123023,24
18,3.4100469350509512,25
18,2.9774750979344375,26
18,2.1963320127829,27
18,2.668099114539628,28
18,2.8713143126944995,29
18,2.2694122805236527,30
18,2.5486413296007893,31
18,3.7121117648586446,32
18,2.1254472395923227,33
18,2.0366499445244455,34
18,2.52652287772914,35
18,1.9802375459779717,36
18,2.413316228583831,37
18,3.7935405157603532,38
18,2.2363007301782,39
18,2.1664917149171012,40
18,2.0885446436357653,41
18,2.536793322915385,42
18,3.3876853292634244,43
18,3.7749495637602855,44
18,2.5634022500606495,45
18,2.657576792168451,46
18,2.494661030965943,47
18,1.773783246901053,48
18,2.568052981216238,49
18,2.824064424577698,50
18,4.38392783861457,51
18,1.8578332186678268,52
18,2.960383096865183,53
18,2.698125539324433,54
18,1.5994167524648275,55
18,3.057794489597511,56
18,3.5002280418434606,57
18,3.947764677105224,58
18,2.6020089187975417,59
18,2.612308736260818,60
18,3.058356991845158,61
18,2.734767150076459,62
18,2.541693300164351,63
18,1.7892259852542323,64
18,1.8603325372673538,65
18,2.3660998104107986,66
18,2.3737768245896853,67
18,2.5042012536802027,68
18,1.893705289256813,69
18,2.1676547402290915,70
18,2.709187053521633,71
18,2.5136347245332193,72
18,3.1205970014612614,73
18,3.6368230627615556,74
18,3.127783082904886,75
18,3.206365733230035,76
18,2.3368032214643817,77
18,2.7459512233925465,78
18,2.4603533383989036,79
18,2.338780780917779,80
18,3.4596706150437724,81
18,2.214772751914981,82
18,1.897648565974578,83
18,2.781380289230919,84
18,3.064724518173454,85
18,2.3221571830075676,86
18,2.903562620221195,87
18,2.7047822306700335,88
18,2.304600935991596,89
18,2.7320606540742927,90
18,1.7306111462444023,91
18,2.26276983482583,92
18,2.238808060251812,93
18,2.0636969023472163,94
18,1.974029523627376,95
18,2.5694951324173463,96
18,2.1722685475854333,97
18,1.7581435588095082,98
18,2.0758257323988607,99
18,2.5747111727645655,100
18,2.8877805290006746,101
18,2.228941446038257,102
18,2.302336626818732,103
18,4.397201677136089,104
19,2.3811781223185458,0
19,2.380845889062666,1
19,2.9879771631134804,2
19,3.0184151756880437,3
19,2.8437363643345197,4
19,4.433041479515957,5
19,5.213516884901962,6
19,3.104816074185144,7
19,2.6475321049067095,8
19,3.0230943405123294,9
19,3.0500513870257544,10
19,2.2086182653846933,11
19,3.0287500369264526,12
19,3.0124720784127628,13
19,3.1603636449796397,14
19,3.3544187651462227,15
19,3.0188405165918306,16
19,2.2051737268615805,17
19,3.256803903938785,18
19,2.5637640839268503,19
19,2.7083852618560273,20
19,2.9142069401820816,21
19,2.9927596936935426,22
19,3.509654508361285,23
19,2.3718446006638243,24
19,3.7399196989233343,25
19,2.760824574951275,26
19,3.0102661269237436,27
19,2.695784361298844,28
19,2.6630124298534112,29
19,4.0206261520850894,30
19,2.7562835516422926,31
19,3.2560247968962206,32
19,3.0788365221530003,33
19,2.2560604987301636,34
19,3.4145296110039642,35
19,2.0707660781558097,36
19,3.405650934164052,37
19,4.385356350560593,38
19,2.590122772159294,39
19,2.639007334525981,40
19,3.372507854715679,41
19,3.4745912351550468,42
19,2.878061866340465,43
19,6.119980086377141,44
19,2.153597699900543,45
19,4.54267347930933,46
19,5.671457250944322,47
19,2.3038072408221923,48
19,4.4560440316705865,49
19,2.9098031476879234,50
19,3.219159919481194,51
19,3.1337280251688906,52
19,3.2455175312562465,53
19,2.3340811031871946,54
19,2.111710355685592,55
19,2.60866713983657,56
19,2.0627867362948056,57
19,2.816586804304398,58
19,2.1569561470475094,59
19,3.343200198722618,60
19,2.6384623563718597,61
19,2.5967672941304167,62
19,4.666198502950726,63
19,1.8856886379854993,64
19,3.22941707899161,65
19,4.545753114405389,66
19,3.0107692790330987,67
19,2.6900894137485074,68
19,1.7808768934778332,69
19,2.522879361850034,70
19,4.329104213356419,71
19,2.3442300782406504,72
19,2.185625146796208,73
19,3.254939326786923,74
19,2.696813239076262,75
19,2.26593046309568,76
19,2.7944084398009164,77
20,4.177120168108063,0
20,2.4100836124160336,1
20,5.60077065547731,2
20,4.399092827240399,3
20,2.920192188758664,4
20,2.8163259282931397,5
20,3.965474283228317,6
20,3.638666087744261,7
20,1.2914941066425403,8
20,3.4185812831770392,9
20,1.8795586654094918,10
20,2.0740098163531595,11
20,1.488808935691916,12
20,1.8895484332530588,13
20,4.4718337618431585,14
20,2.5955067672446384,15
20,3.037336884832619,16
20,3.0486002632559663,17
20,1.9308275101711538,18
20,1.7853523161866998,19
20,1.774348758181426,20
20,1.6635222304403676,21
20,2.2763233191970076,22
20,2.27736286102369,23
20,2.6696868761921624,24
20,3.472562644363318,25
20,6.6511574212583655,26
20,3.5752738402677395,27
20,2.7088818732622624,28
20,4.019182771716241,29
20,2.89486078346487,30
20,5.594924972570852,31
20,5.108267008751887,32
20,2.893271370527515,33
20,5.2011326990352265,34
20,3.004772103349865,35
20,3.105372788959821,36
20,2.796917288543052,37
20,2.607526724240288,38
20,3.4653601527254296,39
20,3.1149320623055656,40
20,3.1372793196395485,41
20,3.5729696618199926,42
20,3.1173050143210617,43
20,4.899046125039774,44
20,2.6518252009165266,45
20,3.974406471151487,46
20,3.438512195541289,47
20,3.516655597646286,48
20,3.4111987703077427,49
20,4.420064101766488,50
20,2.026848960390976,51
20,3.0774538790588335,52
20,2.969704910579797,53
20,1.9329713760032585,54
20,4.243389369388878,55
20,3.72166339744089,56
20,4.572321038040623,57
20,2.721427202007516,58
20,4.08524626389277,59
20,6.377081864207749,60
20,4.418969839559793,61
20,5.057277980935377,62
20,4.592766145497892,63
20,2.7187358526400245,64
20,4.728307378227699,65
20,2.6547416081641226,66
21,4.127728402221996,0
21,2.8325943082492224,1
21,2.1712333643901878,2
21,1.9886521240605144,3
21,2.1722044572698156,4
21,3.250842873949593,5
21,4.531336122128738,6
21,2.4623754249813734,7
21,1.7865602189159377,8
21,2.42523896387909,9
21,2.314305262682937,10
21,1.9278410313056245,11
21,3.806839750612902,12
21,3.060067006747654,13
21,2.2555160885755425,14
21,3.8597683038025012,15
21,4.304203502659452,16
21,4.010708828363337,17
21,2.911607112718538,18
21,3.5634793375751315,19
21,4.6866365238928624,20
21,2.1576496074116553,21
21,3.653784982449508,22
21,2.5971180479195795,23
21,2.2984099875732396,24
21,1.7723417341352556,25
21,2.0855373385364206,26
21,3.318615006656948,27
21,3.0519881421704604,28
21,2.9822436630870186,29
21,2.0842584801303405,30
21,2.892607504914391,31
21,2.5055805159731466,32
21,2.598669919978264,33
21,2.756698572609405,34
21,4.998964328903992,35
21,1.6224385894585853,36
21,2.161985792578076,37
21,1.657830851947866,38
21,2.8604382457891657,39
21,2.106191105835954,40
21,2.5211628102082355,41
21,2.020611873984439,42
21,2.8239297659027565,43
21,2.5318335238411955,44
21,2.498044313291832,45
21,3.568444880924817,46
21,2.653620750366522,47
22,2.7981942394787036,0
22,2.765459121790543,1
22,2.160756775708106,2
22,2.2415187335584927,3
22,2.5227877849372713,4
22,5.042417297392132,5
22,1.9492254134283293,6
22,1.7787290004130205,7
22,2.034054622064702,8
22,4.112871265693602,9
22,3.874761840799107,10
22,3.8389792045045548,11
22,4.216142025330599,12
22,4.377959053936312,13
22,3.898803581489593,14
22,6.0713616637313095,15
22,4.864992746336886,16
22,3.019448404691596,17
22,3.8989504527150998,18
22,2.508587872101541,19
22,2.515361593082034,20
22,5.807044257264549,21
22,6.312175712889046,22
22,3.8398053371623346,23
22,5.905093292887478,24
22,5.330864459102078,25
22,2.816722455948908,26
22,3.1761224775752614,27
22,5.0726462496412665,28
22,5.829321372314527,29
22,4.223238718576443,30
22,3.0530834529362103,31
22,5.743233147584479,32
22,5.432666809861077,33
22,2.699800042578719,34
22,2.534096963282196,35
22,3.5286833621122646,36
22,3.894960869187872,37
22,5.078092134550298,38
22,2.5847806041150077,39
22,4.1676235910947765,40
22,5.294101064499159,41
22,2.2090468078725634,42
22,2.866886478380567,43
22,4.110636139624721,44
22,4.361820615567167,45
22,5.883703428967152,46
22,7.264705910009464,47
22,2.031467934578832,48
22,3.384839024703222,49
22,4.665704575357148,50
22,3.8408642368398564,51
22,4.698920322322599,52
22,3.751326312673469,53
22,4.068186845643932,54
22,4.203583120116474,55
22,2.7700403581965944,56
22,4.2783467876979655,57
22,2.7782043717488456,58
22,3.1404505106038823,59
22,1.743805079499451,60
22,2.229408082561482,61
22,2.9657351480776426,62
22,4.938515859270001,63
22,4.88871710003524,64
22,2.8671393915659857,65
22,2.2128858025696325,66
22,4.559178866868224,67
22,3.249520500804252,68
22,3.0044561904266347,69
22,3.833135906788397,70
22,3.482183170075684,71
22,2.6889728647265634,72
22,5.518153081728389,73
22,6.337140738224672,74
22,3.3586829717695545,75
22,4.4663873621996135,76
22,3.780461695057902,77
22,2.0363390787387177,78
22,2.825631313481982,79
22,2.218942932048657,80
23,1.028962894034419,0
23,1.2282485054143342,1
23,1.2112271078622692,2
23,1.028962894034419,3
23,1.2293289275525134,4
23,1.2269099623935378,5
23,1.028962894034419,6
23,1.028962894034419,7
23,1.028962894034419,8
23,1.028962894034419,9
23,1.028962894034419,10
23,1.028962894034419,11
23,1.2267757404790338,12
23,1.028962894034419,13
23,1.5994652298608356,14
23,1.229258971464568,15
23,1.3136400729763207,16
23,1.2991822809102662,17
23,1.028962894034419,18
23,1.028962894034419,19
23,1.028962894034419,20
23,1.028962894034419,21
23,1.2945201901122048,22
23,1.2692380328228354,23
23,1.028962894034419,24
23,1.028962894034419,25
23,1.449235753202505,26
23,1.028962894034419,27
23,1.3614544089418226,28
23,1.3590853391546733,29
23,1.2592883847130225,30
23,1.3713111799651039,31
23,1.028962894034419,32
23,1.028962894034419,33
23,1.028962894034419,34
23,1.028962894034419,35
23,1.028962894034419,36
23,1.028962894034419,37
23,1.028962894034419,38
23,1.028962894034419,39
23,1.028962894034419,40
23,1.028962894034419,41
23,1.028962894034419,42
23,1.5263576639569552,43
23,1.028962894034419,44
23,1.028962894034419,45
23,1.5572897497973692,46
23,2.3741409014509824,47
23,1.028962894034419,48
23,1.028962894034419,49
23,1.028962894034419,50
23,1.028962894034419,51
23,1.2223988708411673,52
23,1.3134976547252233,53
23,1.028962894034419,54
23,1.028962894034419,55
23,1.2126238705113885,56
23,1.028962894034419,57
23,1.028962894034419,58
23,1.028962894034419,59
23,1.028962894034419,60
23,1.028962894034419,61
23,1.028962894034419,62
23,1.028962894034419,63
23,1.028962894034419,64
23,1.028962894034419,65
23,1.028962894034419,66
23,1.028962894034419,67
23,1.2251842233127817,68
23,1.028962894034419,69
23,1.028962894034419,70
23,1.028962894034419,71
23,1.2282522756998877,72
23,1.8142638979480532,73
23,2.5171813181329785,74
24,1.7866455172691966,0
24,2.136684417669149,1
24,4.449069503362394,2
24,3.3703182831259846,3
24,1.7804191336897794,4
24,1.5912616461501394,5
24,3.1210319046167907,6
24,2.0247086200928366,7
24,2.3337546065147787,8
24,3.6123025279907597,9
24,4.467523190164487,10
24,3.181360881256953,11
24,1.7720643457310434,12
24,1.028962894034419,13
24,2.0495408310628394,14
24,1.5558185250484835,15
24,3.297883619426406,16
24,2.3357517221636708,17
24,2.5632561863316057,18
24,1.5467640896331596,19
24,1.6455393184733362,20
24,2.44547744852521,21
24,1.7172169121309986,22
24,1.9224828491871366,23
24,1.709077515185189,24
24,1.3918816384848707,25
24,1.983472828745831,26
24,1.5734428928624,27
24,1.3108355411029669,28
24,1.8622309601357612,29
24,2.144211412371674,30
24,2.673686630600265,31
24,2.4587339923556533,32
24,2.68891773059809,33
24,1.1795057129569113,34
24,1.2712754936109492,35
24,1.2804607000119876,36
24,1.4563368258040132,37
24,1.4483892489828574,38
24,2.200970126150077,39
24,1.4256067872624487,40
24,1.657230169129347,41
24,1.6481853362241976,42
24,1.3787484965008892,43
24,2.3329229211112006,44
24,1.9467996312033684,45
24,2.1501200377740886,46
24,1.6486234443783208,47
25,1.7866699041886802,0
25,3.173612440166134,1
25,1.8992131641823886,2
25,1.4165380583585636,3
25,1.2326632552907144,4
25,1.8457018409237858,5
25,2.1267192994634523,6
25,1.2351181152105677,7
25,1.8495871621829418,8
25,2.4293754740069535,9
25,1.3133232349366968,10
25,1.5862572219351199,11
25,1.2588575234469417,12
25,1.2805460111044327,13
25,1.479825363580295,14
25,1.7589896556458195,15
25,1.2235712322944565,16
25,1.2807996500653853,17
25,1.398780385810879,18
25,1.2151100508996757,19
25,1.1913528300497789,20
25,1.468856185860946,21
25,1.028962894034419,22
25,1.028962894034419,23
25,1.277366158875602,24
25,2.563656506361686,25
25,1.2124047253045902,26
25,1.2119330895167737,27
25,1.5537849927787422,28
25,1.229258971464568,29
25,1.7023398732607848,30
25,1.028962894034419,31
25,1.6170916135863844,32
25,1.7151751390126226,33
25,1.028962894034419,34
25,1.7907507151000925,35
25,2.4682704025633675,36
25,2.103083930174929,37
25,1.218492926537826,38
25,1.2276864963008587,39
25,1.9724211605319146,40
25,1.4290007251613521,41
25,1.028962894034419,42
25,1.2145260196528165,43
25,1.028962894034419,44
25,1.028962894034419,45
25,1.6109084845568487,46
25,1.2078810349642708,47
25,1.028962894034419,48
25,1.028962894034419,49
25,1.028962894034419,50
25,1.747957801376202,51
25,2.163393320885301,52
25,1.607363052216783,53
25,1.028962894034419,54
25,1.028962894034419,55
25,1.211482162707682,56
25,1.1913528300497789,57
25,2.4390496522162146,58
25,1.8347656923116558,59
25,1.4488718749710592,60
25,1.4874611872546297,61
25,1.028962894034419,62
25,1.4406028052345854,63
25,1.2234205124079758,64
25,1.6498176565158809,65
25,1.2804607000119876,66
25,1.028962894034419,67
25,1.028962894034419,68
25,1.1913528300497789,69
25,2.0420883510873744,70
25,1.2080424052536662,71
25,1.028962894034419,72
25,1.2135702504155754,73
25,1.2253842231719896,74
25,1.3282814789203587,75
25,1.028962894034419,76
25,1.028962894034419,77
25,1.028962894034419,78
25,2.0146618683640938,79
25,2.342648203913887,80
26,2.88715853576594,0
26,1.3544766579770517,1
26,2.560896638725375,2
26,1.7184179455813433,3
26,2.7468122701758597,4
26,2.234048797805157,5
26,3.880544615831128,6
26,1.9816849030132297,7
26,2.3367653364348353,8
26,2.644763598558304,9
26,2.482236771232141,10
26,2.3263279362316545,11
26,2.331734598459376,12
26,2.8739723765890353,13
26,2.94380643640964,14
26,1.6395498468077458,15
26,2.3595641902043742,16
26,3.543323306710689,17
26,2.6384678606390035,18
26,2.7315142059279185,19
26,2.51001069239738,20
26,2.1189194993156226,21
26,3.508190890041476,22
26,2.288486391303995,23
26,2.0847902587193956,24
26,2.0829220537474504,25
26,3.764897618192845,26
26,3.0202652333097095,27
26,2.07103714219465,28
26,1.7341961014329959,29
26,2.3123525333440313,30
26,2.393615963851078,31
26,3.7047758759139673,32
26,3.4147302894198552,33
26,2.768189133903186,34
26,2.763555612421463,35
26,3.3201364747598294,36
26,2.0975816005329526,37
26,2.031263795653416,38
26,2.1466453044766864,39
26,1.9253989398926006,40
26,3.138775273547685,41
26,2.29496178675466,42
26,2.388972549841208,43
26,3.3623348763927217,44
26,2.287602524996923,45
26,1.8692445319704598,46
26,3.0511612792064318,47
26,1.8514827860626295,48
26,1.7728730763182579,49
26,2.936890041615589,50
26,2.936609971310314,51
26,2.7877300594010834,52
26,2.0326248670935274,53
26,2.3791703861096094,54
26,2.3728238104528767,55
26,2.3350573877857617,56
26,3.2776708839672124,57
26,1.7998751379544766,58
26,3.0142890280635872,59
26,1.9418789900952558,60
26,1.028962894034419,61
26,1.028962894034419,62
26,2.0228009329401746,63
26,2.424250550237405,64
26,2.8932113577104492,65
26,1.530844092564309,66
26,2.780427530708996,67
26,1.945435846811419,68
26,2.294661004416776,69
26,1.968881035789235,70
26,3.641039109961777,71
26,1.2251440410463275,72
26,1.8371876573071753,73
26,2.822921376558363,74
26,2.550331594354957,75
26,2.2740324399073786,76
26,3.4209840892592105,77
26,2.345264985056536,78
26,3.1670647392194886,79
26,2.6230115478961036,80
26,2.389976637506141,81
26,3.1766056376573277,82
26,2.546837722787306,83
26,1.400184646591825,84
26,1.4352274333978987,85
26,1.690250450898074,86
26,5.4126449266835115,87
26,4.223196932492326,88
26,2.366513489139505,89
26,2.570996478539223,90
26,1.9302482527054188,91
26,3.0263221925984563,92
26,1.5390092621046767,93
26,1.5373809161783065,94
26,2.4161926809148815,95
26,3.4642490834821382,96
26,3.22687877196625,97
26,3.8723292754283674,98
26,2.0302841901213813,99
26,1.8683302559294532,100
26,2.300573485640186,101
26,1.7790063716918598,102
26,3.548896144885258,103
26,4.178484778145222,104
27,1.2198144343418145,0
27,1.6930539366987831,1
27,3.7365805625174993,2
27,4.123612375746385,3
27,3.0750606746110742,4
27,4.493954244163446,5
27,1.7748370108631153,6
27,1.6778330048689616,7
27,3.7103275178744806,8
27,3.8532258837753384,9
27,3.1047827633011824,10
27,2.0246551586557935,11
27,4.177637073773819,12
27,3.6816856861456033,13
27,3.21991485164734,14
27,6.45184524083703,15
27,4.400225180037958,16
27,3.3267924281817476,17
27,3.861483552935414,18
27,2.351997206940137,19
27,2.9011348300780804,20
27,2.7354916394648825,21
27,2.647871092199114,22
27,4.523804753000777,23
27,3.464855377477681,24
27,3.259281825481295,25
27,3.697096154784707,26
27,1.9319939166091058,27
27,3.1903834407019835,28
27,4.663065618919975,29
27,4.790299481716644,30
27,2.535396576474089,31
27,3.3306125393723294,32
27,2.5156706120921553,33
27,3.8689530919488915,34
27,4.327193629956094,35
27,1.6246043371440884,36
27,4.7749258893377045,37
27,2.907246757748631,38
27,4.10935394156111,39
27,3.1085691663769563,40
27,1.8394475850664584,41
27,3.882160340711632,42
27,3.2105125347313344,43
27,2.774504489529193,44
27,3.5896427594453937,45
27,4.136863815406967,46
27,4.314280269904108,47
27,2.8829454552805287,48
27,2.545517072494818,49
27,2.787287107610513,50
27,3.608875558009303,51
27,2.365602870984498,52
28,2.9567373628856846,0
28,1.5129816231165394,1
28,1.5016487027091219,2
28,1.1913528300497789,3
28,1.3701341074451856,4
28,1.3798068032137258,5
28,1.028962894034419,6
28,1.2778793679260474,7
28,1.028962894034419,8
28,1.028962894034419,9
28,1.028962894034419,10
28,3.7144166724387455,11
28,1.6216089287696271,12
28,1.2108387623146561,13
28,1.028962894034419,14
28,1.2759470125936399,15
28,1.211482162707682,16
28,1.028962894034419,17
28,1.028962894034419,18
28,1.028962894034419,19
28,1.3725597420114124,20
28,1.028962894034419,21
28,2.4944429073072625,22
28,1.2323879847405228,23
28,2.833056956057706,24
28,1.028962894034419,25
28,1.028962894034419,26
28,1.3133994428881872,27
28,1.2153228758263113,28
28,1.028962894034419,29
28,1.028962894034419,30
28,1.028962894034419,31
28,1.028962894034419,32
28,1.028962894034419,33
28,1.028962894034419,34
28,1.028962894034419,35
28,1.028962894034419,36
28,1.028962894034419,37
28,1.8345915985644365,38
28,2.2530030725561394,39
29,2.243898698281547,0
29,1.7941566206618857,1
29,2.181875450592265,2
29,2.338042484032627,3
29,2.2999756989057323,4
29,2.549898550051108,5
29,3.4384252972890166,6
29,1.9205123575770293,7
29,2.768907953842642,8
29,4.019000708749295,9
29,2.569537250069797,10
29,3.088366755590218,11
29,3.003623943995338,12
29,3.3841378069510437,13
29,2.9657722703438716,14
29,3.275328911073844,15
29,6.021596713505989,16
29,2.2477260467411244,17
29,1.8394821218709452,18
29,2.720029962027566,19
29,2.343975230044326,20
29,1.9724184565281278,21
29,2.249225055760813,22
29,2.1199854651867334,23
29,4.52156945241859,24
29,4.603123373710221,25
29,3.3712368619275104,26
29,5.045118175074074,27
29,2.374196656976748,28
29,2.657430114185822,29
29,1.701619911670214,30
29,2.4843745741677274,31
29,1.3652402327739948,32
29,2.6373692792783108,33
29,3.473311581876346,34
29,4.033010543472604,35
29,3.4460639134974045,36
29,3.2381103641907063,37
29,6.3525925529525065,38
29,5.0989816192338235,39
29,3.3985256438535614,40
29,2.535642160662235,41
29,5.111259061224801,42
29,3.102387167791872,43
29,3.8985837497721785,44
29,2.520847557137139,45
29,2.7928668552683824,46
29,2.443936940040207,47
30,1.7453564333468343,0
30,2.2529760805388177,1
30,3.16736527813429,2
30,1.5521320857637881,3
30,1.028962894034419,4
30,2.020467233300139,5
30,2.147870775685719,6
30,1.891174549013727,7
30,1.2259388759070253,8
30,1.2297229468072381,9
30,1.3963969689941529,10
30,1.2126238705113885,11
30,3.0128394751078766,12
30,2.4272139621729583,13
30,1.412561993069034,14
30,1.6454212322395607,15
30,1.4366064161632135,16
30,1.9293859023375488,17
30,1.028962894034419,18
30,1.2584781349259855,19
30,2.1591925298353583,20
30,1.6971546864978846,21
30,1.5063182758386788,22
30,1.8417771466432642,23
30,1.25650999544622,24
30,1.2111789549135423,25
30,1.815861158270365,26
30,2.236821436805131,27
30,1.6223009359077345,28
30,1.3461279687153083,29
30,1.3333187287771917,30
30,2.0451095541039783,31
30,2.017005693772152,32
30,1.028962894034419,33
30,1.028962894034419,34
30,1.028962894034419,35
30,1.4155553969107473,36
30,1.028962894034419,37
30,1.3606435256254206,38
30,1.2223988708411673,39
30,1.343299074226505,40
30,1.3538712950458776,41
30,1.7613146376959334,42
30,1.028962894034419,43
30,1.028962894034419,44
30,1.6318247334721625,45
30,1.416685484734363,46
30,1.028962894034419,47
30,1.028962894034419,48
30,1.3917086721896794,49
30,1.1795057129569113,50
30,1.3240663873125944,51
30,1.3093628406806308,52
30,1.3495070273147254,53
30,1.2309032312864703,54
30,1.028962894034419,55
30,1.313923350328385,56
30,1.310111966148201,57
30,1.2804378801151872,58
30,2.9425156514180175,59
31,1.6337725921014299,0
31,1.028962894034419,1
31,1.8135983191190719,2
31,1.64845104637174,3
31,1.3870233429432648,4
31,1.7222839412252464,5
31,1.3623066995967719,6
31,1.3642453020269159,7
31,1.7351026526386117,8
31,1.5158546649514038,9
31,1.2323879847405228,10
31,1.3744310508695308,11
31,1.3827916197337877,12
31,1.549771622800028,13
31,1.028962894034419,14
31,1.2626051366521942,15
31,1.598572852073484,16
31,1.5692939534741925,17
31,1.3822570181403324,18
31,1.2895508868369425,19
31,1.2294257992190376,20
31,1.6550967401008612,21
31,1.23621065907033,22
31,1.9165682924528853,23
31,1.028962894034419,24
31,1.6791843384515748,25
31,1.7382193265672248,26
31,1.5702791626424195,27
31,1.9338141201714745,28
31,1.028962894034419,29
31,1.8104211604737253,30
31,1.211482162707682,31
31,1.028962894034419,32
31,1.028962894034419,33
31,1.028962894034419,34
31,1.22575259388651,35
31,1.028962894034419,36
31,1.3985280360595842,37
31,1.133232713485956,38
31,1.8731596501306864,39
32,2.5015492279214095,0
32,1.8432976568923896,1
32,2.8042133166214422,2
32,3.0240956445203895,3
32,1.608662327307267,4
32,1.395379290917808,5
32,2.0172026285087212,6
32,2.3119107023546546,7
32,2.545266890857149,8
32,2.7059371174934213,9
32,5.375809694626943,10
32,3.561284223577534,11
32,2.884487588612919,12
32,1.9901039706440407,13
32,1.028962894034419,14
32,1.028962894034419,15
32,1.028962894034419,16
32,2.0327570502778616,17
32,2.3555904941930903,18
32,3.7744379381379822,19
32,3.720713205788264,20
32,2.664134396276911,21
32,2.8965629436788323,22
32,2.288517900941574,23
32,2.7673556949028235,24
32,1.6536088575046959,25
32,1.7876214668336092,26
32,3.480287885153333,27
33,2.531970854790008,0
33,3.507076540226559,1
33,3.5754119336314094,2
33,4.125809800327013,3
33,3.397317743522079,4
33,3.4805372385560407,5
33,3.119020102412147,6
33,2.2779255786547443,7
33,1.0040247176405954,8
33,1.0040247176405954,9
33,1.0040247176405954,10
33,1.0040247176405954,11
33,1.0040247176405954,12
33,1.0040247176405954,13
33,1.0040247176405954,14
33,1.0040247176405954,15
33,1.0040247176405954,16
33,1.0040247176405954,17
33,1.0040247176405954,18
33,1.0040247176405954,19
33,1.0040247176405954,20
33,1.0040247176405954,21
33,1.0040247176405954,22
33,1.0040247176405954,23
33,1.0040247176405954,24
33,1.0040247176405954,25
33,1.0040247176405954,26
33,1.0040247176405954,27
33,1.0040247176405954,28
33,1.0040247176405954,29
33,1.0040247176405954,30
33,1.0040247176405954,31
33,1.0040247176405954,32
33,1.0040247176405954,33
33,1.0040247176405954,34
33,1.0040247176405954,35
33,1.0040247176405954,36
33,1.0040247176405954,37
33,1.0040247176405954,38
33,1.0040247176405954,39
33,1.0040247176405954,40
33,1.0040247176405954,41
33,1.0040247176405954,42
33,1.0040247176405954,43
33,1.0040247176405954,44
33,1.0040247176405954,45
33,1.0040247176405954,46
33,1.0040247176405954,47
33,1.0040247176405954,48
33,1.0040247176405954,49
33,1.0040247176405954,50
33,1.0040247176405954,51
33,1.0040247176405954,52
33,1.0040247176405954,53
33,1.0040247176405954,54
33,1.0040247176405954,55
33,1.0040247176405954,56
33,1.0040247176405954,57
33,1.0040247176405954,58
33,1.0040247176405954,59
33,1.0040247176405954,60
33,1.0040247176405954,61
33,1.0040247176405954,62
33,1.0040247176405954,63
33,1.0040247176405954,64
33,1.0040247176405954,65
33,1.0040247176405954,66
33,1.0040247176405954,67
33,1.0040247176405954,68
33,1.0040247176405954,69
33,1.6106784427470306,70
33,1.7404446514394316,71
33,1.0040247176405954,72
33,1.0040247176405954,73
33,1.0040247176405954,74
33,1.0040247176405954,75
33,1.0040247176405954,76
33,1.0040247176405954,77
33,1.0040247176405954,78
33,1.0040247176405954,79
33,1.0040247176405954,80
33,1.0040247176405954,81
33,1.0040247176405954,82
33,1.0040247176405954,83
33,1.0040247176405954,84
33,1.0040247176405954,85
33,1.0040247176405954,86
33,1.0040247176405954,87
33,1.0040247176405954,88
33,1.0040247176405954,89
33,1.0040247176405954,90
33,1.0040247176405954,91
33,1.0040247176405954,92
33,1.0040247176405954,93
33,1.0040247176405954,94
33,1.0040247176405954,95
33,1.0040247176405954,96
33,1.0040247176405954,97
33,1.0040247176405954,98
33,1.0040247176405954,99
33,1.0040247176405954,100
33,1.0040247176405954,101
33,1.0040247176405954,102
33,1.0040247176405954,103
33,1.0040247176405954,104
33,1.0040247176405954,105
33,1.0040247176405954,106
33,1.0040247176405954,107
33,1.0040247176405954,108
33,1.0040247176405954,109
33,1.0040247176405954,110
33,1.0040247176405954,111
33,1.0040247176405954,112
33,1.0040247176405954,113
33,1.0040247176405954,114
33,1.0040247176405954,115
33,1.0040247176405954,116
33,1.0040247176405954,117
33,1.0040247176405954,118
33,1.0040247176405954,119
33,1.0040247176405954,120
33,1.0040247176405954,121
33,1.0040247176405954,122
33,1.0040247176405954,123
33,1.0040247176405954,124
33,1.0040247176405954,125
33,1.0040247176405954,126
33,1.0040247176405954,127
33,1.0040247176405954,128
33,1.0040247176405954,129
33,1.0040247176405954,130
33,1.0040247176405954,131
33,1.0040247176405954,132
33,1.0040247176405954,133
33,1.0040247176405954,134
33,1.0040247176405954,135
33,1.0040247176405954,136
33,1.0040247176405954,137
33,1.0040247176405954,138
33,1.0040247176405954,139
33,1.0040247176405954,140
33,1.0040247176405954,141
33,1.0040247176405954,142
33,1.0040247176405954,143
33,1.0040247176405954,144
33,1.0040247176405954,145
33,1.0040247176405954,146
33,1.0040247176405954,147
33,1.0040247176405954,148
33,1.0040247176405954,149
33,1.0040247176405954,150
33,1.0040247176405954,151
33,1.0040247176405954,152
33,1.0040247176405954,153
33,1.0040247176405954,154
33,1.0040247176405954,155
33,1.0040247176405954,156
33,1.0040247176405954,157
33,1.0040247176405954,158
33,1.0040247176405954,159
33,1.0040247176405954,160
33,1.0040247176405954,161
33,1.0040247176405954,162
33,1.0040247176405954,163
33,1.0040247176405954,164
33,1.0040247176405954,165
33,1.0040247176405954,166
33,1.0040247176405954,167
33,1.0040247176405954,168
33,1.0040247176405954,169
33,1.0040247176405954,170
33,1.0040247176405954,171
33,1.0040247176405954,172
33,1.0040247176405954,173
33,1.0040247176405954,174
33,1.0040247176405954,175
33,1.0040247176405954,176
33,1.0040247176405954,177
33,1.0040247176405954,178
33,1.0040247176405954,179
33,1.0040247176405954,180
33,1.0040247176405954,181
33,1.0040247176405954,182
33,1.0040247176405954,183
33,1.0040247176405954,184
33,1.0040247176405954,185
33,1.0040247176405954,186
33,1.0040247176405954,187
33,1.0040247176405954,188
33,1.0040247176405954,189
33,1.0040247176405954,190
33,1.0040247176405954,191
33,1.0040247176405954,192
33,1.0040247176405954,193
33,1.0040247176405954,194
33,1.0040247176405954,195
33,1.0040247176405954,196
33,1.0040247176405954,197
33,1.0040247176405954,198
33,1.0040247176405954,199
33,1.0040247176405954,200
33,1.0040247176405954,201
33,1.0040247176405954,202
33,1.0040247176405954,203
33,1.0040247176405954,204
33,1.0040247176405954,205
33,1.0040247176405954,206
33,1.0040247176405954,207
33,1.0040247176405954,208
33,1.0040247176405954,209
33,1.0040247176405954,210
33,1.0040247176405954,211
33,1.0040247176405954,212
33,1.0040247176405954,213
33,1.0040247176405954,214
33,1.0040247176405954,215
33,1.0040247176405954,216
33,1.0040247176405954,217
33,1.343587225738453,218
33,1.0040247176405954,219
33,1.0040247176405954,220
33,1.0040247176405954,221
33,1.0040247176405954,222
33,1.0040247176405954,223
33,1.0040247176405954,224
33,1.0040247176405954,225
33,1.0040247176405954,226
33,1.0040247176405954,227
33,1.0040247176405954,228
33,1.0040247176405954,229
33,1.0040247176405954,230
33,1.0040247176405954,231
33,1.0040247176405954,232
33,1.0040247176405954,233
33,1.0040247176405954,234
33,1.0040247176405954,235
33,1.0040247176405954,236
33,1.0040247176405954,237
33,1.0040247176405954,238
33,1.0040247176405954,239
33,1.0040247176405954,240
33,1.0040247176405954,241
33,1.0040247176405954,242
33,1.0040247176405954,243
33,1.0040247176405954,244
33,1.0040247176405954,245
33,1.0040247176405954,246
33,1.0040247176405954,247
33,1.0040247176405954,248
33,1.0040247176405954,249
33,1.0040247176405954,250
33,1.741320840528061,251
33,1.3517704466163631,252
33,1.0040247176405954,253
33,2.2903229949521995,254
33,1.5187476010582859,255
33,1.739313749744272,256
33,1.0040247176405954,257
33,2.054275187693012,258
33,1.0040247176405954,259
33,1.0040247176405954,260
33,1.0040247176405954,261
33,2.6501474391349236,262
33,2.448230105063259,263
33,3.804635323111393,264
33,2.8711147661099177,265
34,1.5989755184207524,0
34,2.7897606294087725,1
34,1.028962894034419,2
34,1.6772685623485737,3
34,2.477089362114219,4
34,2.8780707867387587,5
34,2.1720207421780406,6
34,1.9057776291538369,7
34,2.259418197891744,8
34,6.122315118851042,9
34,1.028962894034419,10
34,1.028962894034419,11
34,2.17977121795937,12
34,1.3682653867383552,13
34,1.028962894034419,14
34,1.028962894034419,15
34,3.4061267820920076,16
35,2.5488157292360225,0
35,2.5495269718530627,1
35,2.0049312048282197,2
35,2.385751780254163,3
35,2.1263940521506988,4
35,2.073221019604166,5
35,2.9054912136580264,6
35,2.4121040648137066,7
35,1.8336764565273989,8
35,3.458615793046204,9
35,1.9583353906963923,10
35,2.150908220463751,11
35,5.4204359649285925,12
35,2.9461024074389015,13
35,4.912476916980382,14
35,2.327398082474255,15
35,2.4558197762880525,16
35,4.137808310432374,17
35,4.258698691431313,18
35,2.7501847357317017,19
35,2.9981441874796055,20
35,4.267669122685171,21
35,2.5753232629120837,22
35,2.888281800888168,23
35,1.926101875073532,24
35,3.9917806463803966,25
35,1.7670438037379363,26
35,2.93468835940624,27
35,2.397178244191914,28
35,1.8183945114305633,29
35,3.5127318115872495,30
35,5.3163531642942425,31
35,1.7984874580889814,32
35,2.6582212574468347,33
35,2.9496126615159115,34
35,3.963547466464608,35
35,2.480990581471939,36
35,3.3282712240014476,37
35,5.061400307445019,38
35,2.9480690967189207,39
35,2.255005411741362,40
35,1.941779914896428,41
35,2.249646727381317,42
35,2.5780086309734127,43
35,2.9330567996491537,44
35,2.43685977905166,45
35,4.993706287995153,46
36,3.980846647176473,0
36,4.6778861103195695,1
36,2.0938083498926243,2
36,2.6581429880862597,3
36,2.171885458052898,4
36,1.8430762839458334,5
36,3.0644388327690955,6
36,1.7783685672014407,7
36,2.2237560348202705,8
36,2.9395450336500057,9
36,4.322675154237039,10
36,2.8806952699796775,11
36,2.4974626480855817,12
36,3.1191796156280738,13
36,2.710815100751577,14
36,2.060093395527372,15
36,2.3997046021354036,16
36,2.367089487590577,17
36,2.588221930302234,18
36,3.1742045725912127,19
36,3.0469333414328714,20
36,2.3775323402672415,21
36,5.625341681614771,22
36,4.058605525440356,23
36,2.280516550808014,24
36,2.804392500862567,25
36,1.6924685356051647,26
36,2.0923454481383197,27
36,4.141552406322659,28
36,1.0040247176405954,29
36,2.0800884792473675,30
36,2.1564145723683312,31
36,3.472029088693158,32
36,3.8603950384436385,33
36,3.7090375370071533,34
36,3.261825401455337,35
36,2.761194196888044,36
36,1.9817206929767002,37
36,4.4197595567172625,38
36,4.145607267888288,39
36,3.0575397024744397,40
36,2.670716140698342,41
36,3.3147683506057413,42
36,1.0040247176405954,43
36,1.0040247176405954,44
36,1.0040247176405954,45
36,1.0040247176405954,46
36,1.0040247176405954,47
36,1.0040247176405954,48
36,3.7825245059555885,49
36,4.140632230287546,50
36,6.290960188934722,51
36,3.1365613355589126,52
36,2.460237635463516,53
36,3.0394891190653657,54
36,3.0496449155077063,55
36,2.3814981943459284,56
36,3.0831884850872022,57
36,1.9961966760569838,58
36,2.419789714724663,59
36,2.684717240988775,60
36,2.306811785239846,61
36,2.6458652599811634,62
36,1.0714460741095286,63
37,1.028962894034419,0
37,1.028962894034419,1
37,1.028962894034419,2
37,1.028962894034419,3
37,1.4362206263344457,4
37,1.3892656754114712,5
37,1.028962894034419,6
37,1.028962894034419,7
37,1.2731260070445736,8
37,1.362266993469849,9
37,1.028962894034419,10
37,1.028962894034419,11
37,1.7243853611464899,12
37,1.4600219451915002,13
37,1.028962894034419,14
37,1.028962894034419,15
37,1.028962894034419,16
37,2.03282041886703,17
37,2.044022512690892,18
37,1.028962894034419,19
37,1.028962894034419,20
37,1.028962894034419,21
37,1.259063489194895,22
37,1.2876961288666422,23
37,4.14364676625356,24
37,1.2944734709288317,25
37,1.1156812907773803,26
37,1.229051984113066,27
37,2.086145043156111,28
38,3.200942297088545,0
38,2.294751002456383,1
38,2.529454354144048,2
38,2.0172588991079317,3
38,2.3857559041124614,4
38,2.7996312975733506,5
38,2.145524754772111,6
38,2.199124690926202,7
38,1.3151785315931896,8
38,2.247591138052945,9
38,2.684107307877935,10
38,2.9588998552469166,11
38,1.3427608125018957,12
38,1.028962894034419,13
38,3.831680811917126,14
38,2.3756593627290066,15
38,3.2523057437409335,16
38,2.6541196595181797,17
38,1.028962894034419,18
38,1.028962894034419,19
38,3.1503479679429134,20
38,3.7797415991356953,21
38,2.9456339401871734,22
38,3.307840696673989,23
38,1.689726145255175,24
38,1.434182823867654,25
38,2.3111705559469486,26
38,2.6690028822820255,27
38,3.4769007729846666,28
38,3.405954218633047,29
38,2.5867086751336394,30
39,2.179095195768466,0
39,4.011735948195727,1
39,2.241800657684136,2
39,2.7992228270955053,3
39,2.3747030450172115,4
39,1.9230211486332363,5
39,2.675615791725872,6
39,2.3725470455010944,7
39,1.7537384321307201,8
39,1.5519405005115623,9
39,2.186360663930538,10
39,1.91682968309584,11
39,1.8350689742002322,12
39,2.760201957816482,13
39,1.992335859807626,14
39,2.59856351080506,15
39,2.2080563490385234,16
39,3.001134669626731,17
39,2.9404794047054126,18
40,3.098060548307988,0
40,3.0544926513801154,1
40,3.1080100260537895,2
40,4.193396969151383,3
40,3.6078307255746283,4
40,2.742509734547776,5
40,2.622722797029294,6
40,3.6348579095009903,7
40,2.9934447604234293,8
40,4.25185057132305,9
40,2.8130645010783137,10
40,3.6243312113689714,11
40,2.946228491933048,12
40,4.5155020835246065,13
40,3.5163370063868418,14
40,3.8558509888267896,15
40,3.8159982111622206,16
40,3.3298900050386666,17
40,2.473921134356126,18
40,2.7830774319079983,19
40,3.934663967312685,20
40,3.3197387285204463,21
40,2.9790976279587316,22
40,3.9958189095619154,23
40,2.475460328758303,24
40,2.686439465731759,25
40,2.102289213376092,26
40,2.9721684700205966,27
40,2.814135456429153,28
40,2.2919397532518135,29
40,2.379557274167456,30
40,2.118509956287693,31
40,1.9470735008542241,32
40,2.236337519600143,33
40,2.4219392737457297,34
40,3.104398603602063,35
40,3.1293618009550888,36
40,4.481919876156147,37
40,5.3527216550851096,38
40,3.2606781367516606,39
40,4.411922377645055,40
40,2.841940571690368,41
40,3.409189308350686,42
40,3.3482267799115912,43
40,2.5763718897345145,44
40,3.775334791166442,45
40,2.956763093348552,46
40,1.5212450481471036,47
40,2.1630785810055175,48
40,3.243601801785826,49
40,2.948196319738546,50
40,4.804382203595747,51
40,3.8576086437121297,52
40,5.0130927333789765,53
40,2.056074682786229,54
40,2.5450338753803416,55
40,3.5053645185177165,56
40,1.0040247176405954,57
40,1.70700319499061,58
40,2.4833715329176735,59
40,3.637261401242994,60
40,2.2513346071069233,61
40,4.321378331065706,62
40,4.562258814250419,63
40,3.687406243955586,64
40,2.5119014057475066,65
40,3.3226261422577026,66
40,1.898833070154502,67
40,3.423070689271247,68
40,4.31478688739894,69
40,3.3598567087950184,70
40,2.231495190320332,71
40,2.525031398250128,72
40,2.481173661886785,73
40,3.5138672270118256,74
40,3.4209502409407886,75
40,4.090107458928158,76
40,3.3539445435071373,77
40,2.5382574063991084,78
40,2.700554865797164,79
40,4.637055395265805,80
40,2.577243357701406,81
40,2.867790574786071,82
40,2.6638663641649076,83
40,3.379952084344406,84
40,3.235611124030951,85
40,2.9148809751653215,86
40,2.149357253649258,87
40,4.776609925750437,88
40,3.657222335910173,89
40,2.920028579745078,90
40,4.510657384725579,91
40,2.7950654285657777,92
40,4.396961605911958,93
40,3.1219621832222564,94
40,2.474969924685642,95
40,2.933227082981623,96
40,3.8196774149696067,97
40,2.3922886391300566,98
40,2.2727991985362617,99
40,4.105098658612965,100
40,2.6744977577307596,101
40,1.6531710996405833,102
40,4.783785399639108,103
41,3.4377584672887416,0
41,4.999202703781702,1
41,2.7249374108767865,2
41,3.0586494026435074,3
41,2.3478376681988684,4
41,3.6823875399604966,5
41,2.2643315121629053,6
41,3.779042813676244,7
41,4.520779328283646,8
41,2.211747417698515,9
41,3.0680297363097706,10
41,2.0056720225693963,11
41,1.8693806868609788,12
41,3.089392257001897,13
41,2.0464490424188777,14
41,5.944808202464782,15
41,2.295064655427387,16
41,2.608787646345474,17
41,2.050142934577863,18
41,3.681387691125426,19
41,2.4746774104015663,20
41,2.346715181702986,21
41,3.646678688142454,22
41,2.7380967558343863,23
41,6.001845774083316,24
41,2.9178144940649746,25
41,3.2962768613378253,26
41,3.8152968160738543,27
41,2.2728860360734022,28
41,2.3934138081065606,29
41,2.013869955225283,30
41,1.9232148678671779,31
41,2.35435217451997,32
41,2.983290827222804,33
41,2.7372971765097303,34
41,2.0517053427955814,35
41,1.7406962356902569,36
41,1.933373630178441,37
41,2.5563927999275258,38
41,1.5832497061009285,39
41,2.7224363334034045,40
41,1.7863401232517369,41
41,2.260073875426639,42
41,2.358349505493974,43
41,1.8107328299634238,44
41,2.4603150634415787,45
41,1.1795057129569113,46
41,1.6556960575094537,47
41,1.6018733102453435,48
41,2.8878008398377504,49
41,2.119713048416789,50
41,1.4300846908615388,51
41,2.653611734798872,52
41,1.4783754637009063,53
41,1.5855917415486458,54
41,2.54357513131057,55
41,2.6703285482695738,56
41,2.054184458438608,57
41,3.8975428545789605,58
41,3.152910265453054,59
41,2.5732749899908756,60
41,3.4380637913412726,61
41,3.2125393093364845,62
41,3.480453012363753,63
41,2.4817752012878302,64
41,2.3348674144507475,65
41,4.689259192483964,66
41,3.021218059133688,67
41,2.694202597075999,68
41,3.3545887175495017,69
42,3.1434989937970474,0
42,1.856746667700584,1
42,2.7113780940701013,2
42,1.8233031506861497,3
42,2.1240984562142997,4
42,2.36077330916427,5
42,2.525996461202554,6
42,3.6530367582085748,7
42,3.0895230006792835,8
42,3.273141562042483,9
42,3.7171714229437383,10
42,3.2151318758595284,11
42,3.7328456751866175,12
42,2.200579613995318,13
42,1.7920565852558739,14
42,2.299528420230491,15
42,2.0759484750521287,16
42,3.382105983840857,17
42,2.5854484077724473,18
42,2.8794651103197646,19
42,2.9984941089973107,20
42,2.5612321663569397,21
42,2.049562087387721,22
42,1.7507876043322064,23
42,3.4975969570429246,24
42,1.9958225108705152,25
42,2.0377441178370304,26
42,1.6894464813835663,27
42,1.7115950214580036,28
42,1.25650999544622,29
42,1.8945018930999273,30
42,2.0770260017104065,31
42,1.4716977169094478,32
42,2.3601346990003917,33
42,2.1900508405770105,34
42,2.947613669260068,35
42,2.1194261389235884,36
42,3.1676900130334316,37
42,1.575863549139644,38
42,2.788423704451915,39
42,2.1597665987869714,40
42,2.4333011855019904,41
42,13.437007926253276,42
