63 63 63 63 63 63 63
63 63 63 63 63 63 63
63 63 63 63 63 63 63
63 63 63 63 63 63
63 63 63 63 63
64 9 63 63 63 63 63 63
63 63 63 63 63 63 63
63 63 63 63 63 63 63 63 63
63 63 63 63 63 63 63 63
63 63 63 63 63 63 63 63
63 63 63 63 63 63 63 63
63 63 63 63 63 63 63 63 63
63 63 63 63 63 63 63 63 63
63 63 63 63 63 63 63 63
63 0 0 0 0 0 0
0 72 72 72 72 72 72
72 72 72 63 63 63 56 63
63 63 63 63 63
63 63 63 63 63 63 63 63 63
63 63 63 63 63 63 63 63
63 0
63 63 63 63 63 63 63
63 63 63 63 63 63 63 63
63 63 63 63 63 63 63 63
63 63 63 63 63 63 63 63 63 63
63 63 63 63 63 63 63
63 63 63 63 63 63 63 63
63 63 63 63 63 63 63 63
63 63 63 63 63 63 63 63 63
63 63 63 63 63 63 63
63 63 63 63 63 63 63
63 63 63 63 63 63 63
63 63 63 63 63 63 63 63
63 63 63 63 63 63 63
63 63 63 63 63 63 63
63 63 63 63 63 63 63
63 63 63 63 63 63 63
63 63 63 63 63 63 63 63
63 63 63 63 63 63 63 63 63
63 63 63 63 63 63 63
63 63 63 63 63 63 63 63 63 63
63 63 63 63 63 63
63 63 63 63 63 63
63 63 63 63 63 63 63
63 63 63 63 63 63 63
63 63 63 63 63 63 63
63 63 63 63 63 63 63 63
63 63 63 63 63 63 63 63 63
63 63 0 0 0 0 0
0 0 0 0 0 0 0 0
0 0 0 0
63 63 63 63 63 63 63
63 63 63 63 63 63 63
63 63 63 63 63 63 63 0 0 0
0 0 0 0 0 0 0 0
0 0 0 0 0 0 0
0 0 0 0 0 0
0 0 0 63 63 63 63 63
63 63 63 63 63 63 63
63 63 63 63 63 63 63 63
63 63 63 63 63 63 63 63 63
63 63 63 63 63 63 63 63
63 63 63 63 63 63 63 63 63
63 63 63 63 63 63 63 63 63
63 63 63 63 63 63 63 63 63 63
63 63 63 63 63 63 63 63
63 63 63 63 63 63
63 63 24 24 24 36 24
24 24 24 24 24 24 36 36
32 32 36 40 45 45 45 36
36 64 40 72 64 64 40
40 40 40 72 63 63
63 63 63 63 63 63 63
63 63 63 63 63 63
63 63 63 63 63 63 63
63 63 63 63 63 63
63 63 63 63 63 63 63 63
63 63 63 63 63 63 63 63 63
63 63 63 63 63 63 63 49 63
56 56 63 63 63 63 63
63 63 63 63 63 63 63 63
63 63 63 63 63 63 63
63 63 63 63 63 63 63
63 63 63 63 63 63 63
63 63 63 63 63 63 63 63
63 63 63 63 63 63 63
63 63 63 63 63 63 63 63
63 63 63 63 63 63 63 63
63 63 63 63 63 63 63
63 63 63 63 0
63 63 63 63 63 63 63 63
63 63 63 63 63 63 63 63
63 63 63 63 63 63 63
63 63 63 63 63 63 63 63 63
63 63 63 63 63 63 63 63
63 63 63 63 63 63
63 63 63 63 63 63 63
63 63 63 63 63 63 63 64 64 64
64 64 64 64 64 64 64
64 64 64 64 64 64 64
64 64 64 64 64 40
40 40 40 40 40 40 40 40
63 63 63 63 63 63 63 63 63 63
63 63 63 63 63 63 63 63 63 63
63 63 63 63 63 63 63
63 63 63 63 63 63 63 63
63 63 63 63 63 63 63
63 63 63 63 63 63 63 63 63
63 63 63 63 63 63 63
63 63 63 63 63 63
63 63 0 0 0 0 0
0 0 0 0 0 0 0 0
0 0 0 0 0 0 0 0 0 0
0 64 64 64 64 64 64 64 64
64 64 64 64 64 64 64
64 64 64 64 64 64 64 64
64 64 64 64 64 64 64 64
64 64 64 64 64 64 64 64 64 64
64 64 64 64 64 64 64
64 64 64 64 64 64 64 64 64 64
64 64 64 64 64 64 64 64 64 64
64 64 64 64 64 64 64 64 64
64 64 64 64 64 64 64 64 64 64 64
64 64 64 64 64 64 64 64 64 64 64
64 72 64 64 64 64 64 64 64
64 64 64 64 64 64 64 64
64 64 64 64 64 64 64
64 64 64 64 64 64 64 64
64 64 64 64 64 64 64
64 64 72 72 72 72 72 64
64 64 64 64 64 64 64 64 64 64
64 40 40 64 64 64 64 64
64 64 64 64 64 64 64 64
64 64 64 64 64 64 64 64 64
64 64 64 64 64 64 64 64 64
64 64 64 64 63 63 63 63 63
63 63 63 63 63 63 63 63 63
63 63 63 63 63 63 63 63 63
63 63 63 63 63 0 0 0
0 0 0 0 0 0 0 0
0 0
0 0 0 0 0 0
64 0 0 0 0 0 0
0 63 63 63 63 63 63
63 63 63 0 0 0 0
0 0 0 0 64 64 64 64 64
64 64 64 64 64 64 64 64
64 64 64 64 64 64 64 64
0 63 63 63 63 63 63 63
63 63 63 63 63 63
63 63 63 63 63 63 63 63 63
63 63 63 63 63 63 63
63 63 63 63
63 63 63 63 63 63 63 63 63
63 63 63 0
