72 45 72 72 72 72 72 72 72 72 72
72 64 56 63 63 63
56 56 64 56 56 64
63 63 63 64 63 63 63
63 72 64 64
63 72 72 63 56 56 56 56
56 72 45 45 72 64 72
72 72 64 64 64 64
20 35 56 56 56 72 72 72
64 64 56 72 72 72
72 72 72 72 72 72 72
72 72 72
72 72 72 72 72 72 72
72 72 72
72 45 64 64 64 63 63
63 63 63 0 0
0 0 0 63 64 64 64
64 64 64 64 56 32 32
40 40 64 64 64 64 64 64
64 64 64 64 64 64
64 64 64 64 64 56 64 63 63 63
56 56 56 56 56 56 56
56 56 64 64 64 64 64 40
40 40 64 40 40 64 64 64
64 64 64 64
64 64 64 64 64
64 64 64 64 63 63 63
63 63 63 63 63 63 63 63 63
63 63 63
63 63 36 36 63 63 63
63 63 63 63 63
63 64 64 64 64 64
64 64 64 64 64 64
64 64 64 64 64 64 64 64
64 64
64 64 64 64 64 64 64
64 64 64 64 64 64 64 64
64 64 64
32 56 56 64 64 64 64
63 63 72 0 0 0 0
0 0 0 0 0 36 36
56 56 56 64 64 64 64 56 24 25
63 63 63 72 72 72 72
72 72 72 72 72 72 72 72 72
72 72 72 72 25
25 25 25 25 25 25 25 25
25 25 25 25 25
25 45 45 64 64 64 64 64 64 64
64 32
32 32 40 64 64 64 64 64 64 32
32 64 64 64 64 64 64 64 64
64 64 63 63 63 64 64
63 63 63 63 72 72 72
72 63 63 63 36 36 63
36 63 64
64 25 25 25 25 25 25 24 24 24
24 24
63 63 64 64 56 36
63 72
72 56 56 72 56 64 56
56 72
72 56 56 36 36 36 20 63
56 56 56 56 56 72 72 72 30
24 24 24 6 6 24 24
24 24 24 63 63 56 56
56 63 72 63
56 56 56 63 36 9 9 9
36 63 63 36 36 63 63 63 56 64
64 64 64 64
32 32 32 32 32 56 32 64
64 64 64 64 64 64 64 64
64 64 56 63 63 56 56
56 56 56 56 56
63 36 63 63 63 20 56 56
56 56 56 56 56 20 64
63 63 64 64 64
36 56 56 56 56 56 56 56 36
36 72 72
36 32 56 56 56 56 63 63
63 63
36 72 72 72 56 56 56
56 56
63 63 63 63 63 63 63 63
63 56 56 56 63
63 63 63 63 56 56 56 56
56 56 56 56 56 56 56 63
63 63 56 56 56 56 63
72 30 30 72 72 63 63
63 63 63 63 36 63 63 36
36 24 63 63 63 63
63 20 56 56 56 56
56 56 36 36 36 72
72 64 72 72 72 72
72 64 64 72
72 72 72 72 72 72 72
56 56 56 56 56 63 63 64
64 56 56 56
56 32 56 56 32 64 72 81
64 64 64 63 63 64 64
56 56 56 63 63 36 63 63
63 63 72 64 63 63 63
72 72 72 72 72 72
64 64 64 56 64 64 64
64 64 64
56 64 64 64 64 64 64 64
56 32 64 64 64 64 64 64
56 20 20 20 20 20
30 72 72 72 72 72
72 72 72 72 72 72 63 36
32 32 32 64 63 63 63
56 56 64 40 64 56 56
56 56 63
63 63 63 63 63 56 63 24 24
56 56 56 56 56 32 8 8
32 56 56 56 56 56 56 56
64 64 56 56 72 72 63
63 72 72 36 63 63
63 63 72 63
72 72 72 72 72 72 72 72 72
63 63 63 56 56 56 63
56 56 63 32 20 20 56
63 72 72 72 72 36 32 36 36
36 36 72 72 72 72 72
72 64 72 72 72 72 72 72
72 72 72
72 72 72 72 36 36 36 36
72 72 72 72 72 72 72
72 72 72
72 72 72 72 72 72 72
72 72 45 72 64 64
64 72 72 30 72 72 72 72
20 20 20 20 64 72 72 36
36 36
36 36 36 36 36 36 36 36
36 36 36
36 36 63 30 30 72
72 72 72 72 24 20
20 20 56 56 56
56 56 56 56 36 36 36 36 36
45 72 72
72 72 72 72 72 72 72
20 20 20 20 32 64 64
64 64
56 56 56 56 63 63
56 56 64 64 56 56
56 63 24
24 24 63 63 63 63 63 63 63
36 72 63 63 64 64 64
64 63 63 63 63 63
63 63 63 63 63 63 63 63
63 63
63 63 63 63 72 63
64 64 64 64 64 64
64 64 64 64 64 63
63 63 63 63 72 64 63
63 63 63 63 63 63
63 56 56 56 56 56
56 56 56 56 56
63 63 63 24 24 24
24 36 36 24 24
24 24 24 24 24 24 24 63 63
63 36 63 63 63 63
63 63
63 63 72 72 72 72
72 72 72 72 72
63 63 63 63 63 72
63 63 63 72 72 72 72
72 63
63 63 63 63 63 63 63
63 63
63 56 56 56 56 56
56 56 56 56 56 56 56 56
36 63 63 63 63 72 72
72 72 72 72 72 72
63 63 63 63 63 54 45 36
36 36 36 36 36 36 36
36 36 36
36 45 54 54 45 45 45
45 72 63 63 36 64 56 64 64
64 64 64
64 64 24 63 63 63 63 63
63 63 63 63 63 63 63 63 63
63 63
63 72 72 24 24 42 42 42
42 63 63 63 63
36 36 36 72 72 72 72 63 72
72 63 63 63 63 72
72 63 63 63 63 63 63 63
63 72 72 72 72 63 63 63
63 63 63 63 63
63 63 63 36 72 72 72 72
72 72 45 45 45 72 63 63
64 32 32 45 36 36 24 56 56
56 72
36 72 63 64 64 64
64 64 36
36 36 36 36 72 72 36
36 36 32
56 56 56 63 63 63 63 63
56 56 56 56 72
63 63 63 63 63 63 63 63 63
63 63 72
40 32 32 32 64 64 63 63 63
56 56 56 56 56 32
56 56 56 72
72 72 72 72 72 72 63
56 56 32 64 72 64 45 72
72 72 72 45 81 81 81 81
63 63 63 63 63 63 63 63
63 63 63 72 63 63 63 63
63 63 63 63 63
63 63 32 32 56 56 56
56 56 56 56 56 56 56 56
56 56 64 63
63 63 63 63 63 56 64 64 64
64 72
64 72 64 64 64 64
64 64 64 64 64 64 64 64
64 64
63 63 56 56 56 56 56
63 56 56 56 56 64
64 64 64 64 64 64 64 64
64 64 64 64 64 64 64 63
63 63 63
64 64 64 64 63 63 72
64 64 64
63 63 63 63 63 63 72
63 63 56 56 56 56 64
64 64 64 64 63 64 64
63 64 64
64 64 64 64 64
63 63 63 63
63 63 63 72 72 72 72
72 72 64 64 64 64 72 72
48 48 24 24 24 24 24 24 48
72 63 63 63 64 64 64
64 64
56 63 45 72 64 72
56 56 56 56 64 56 56 56
64 64 64 64 64 64 64
64 63 63 63 63 63 63 72
64 64 64 64 56
32 32 32 63 72 72
72 72 63
63 63 72 72 72 72 63
63 63
63 72 72 72 72 72 63 63
63 63 9
9 9 36 36 63 36 36 36
36 72 72 36 36 36 36
72 72 72 72 72 72
63 63 63 63 63 72 72 72
72 63 72 72
72 72 72 63 64 64 56 56
64 64 63 63 56 63 63
63 56 56 56 56 56 63
63 63 63 63 63 63 63
36 63 64
56 56 56 56 56 56 56
56 56 56 56 56
36 36 63 63 63 63 63 63
64 64 64 64 56 56 56 56 56
56 64 64 56 56 56 56
56 56
56 56 56 56 63 63
56 56
56 56 56 63 63 63 63
63 63 63 63 63 63 63 63
63 63 36 63 63 63
63 63 36 63 63
63 63 63 72 72 72 72 72
72 63 63 63 63 63 63
63 63 63 63
63 63 63 63 63 63 36 72
63 63 63 63 72 63
63 63 64 64
64 56 56 32 56 56 56 32 32
64 64 64 64 56 64 64
64 56 64 64 64 64 64
64 64 64 56 64 56 56
64 64 56 32 32 63
63 63 72 72 72 72
72 72 72 72 72 63 63 63
63 56
56 56 56 63 56
56 56 56 56 56
56 56 56 56 56 32 64
64 64 64 64 56
56 63 63 63 63 56 63
63 63 63 56
64 64 56 56 56 56
56 32 56 56 56
56 56 56 56 56 56 56
56 56 56 56 56 56 56
63 63 63 63 56 56 56
63 56 56 56 56 56 56
56 56 63 63 63 63
63 63 63 63 63 63
63 63 63 63 63
63 63 63 56 63 63 63 63
63 45 45 36 36 36
36 36
36 36 36 36 36 36 36
36 36 36 63 63 63 63
36 36 36 45 36 36 36 36 63
36 63
63 63 63 36 63 63 63 63
63 63 63 63 63
64 56 64 64 64 56 56
56 56 63 63 56 56
63 63 63 63 63 63 63 63
63 36
63 63 36 36 63 63 63 63
63 63
63 63 63 63 63 63 63 63 63
63 63
63 63 45 72 64 56 56 40
72 72 72 72 72 72 72 72
36 36 63 72 72 72 72
63 72 64 64 64 64 64 64
64 64 64 64 64 64 64
64 64
56 64 56 72 64 64 64 64
56 56 56 56 56 64 64 64
64 64 56
56 56 56 56 56 32 64
64 64 64 64 64
64 64 64 63 63 63 63 63
56 40 40 64 64 72 72 64 64
64 56 56 32 32 40 40
64 64 64 63 63 64
64 64 64
64 64 64 64 64 64 64 64 63
24 24 24 63
63 63 63 0 0
