63 63 63 63 63 63 63
63 63 63 63 63 63 63 63
63 63 63 63 63 63 63
64 64 32 64 64 64
64 64 63 63 63 63 63
63 64 64 63 63 63
63 63 63 63 63 63 72 72
72 72 63 63 63 63 36 63
63 0
0 0 63 64 64 64 64
64 64 64 64 45 45 45
72 72 72 72 64 64 64 64
64 64 56 56 56 64
64 42 48 72 72 72
72 72 72 72 72 72
72 72 72 72 63 63 63
63 63 63 63 63
63 63 63 63 63 63 63 63
64 64 64 64 64 24 24 36
63 63 63 63 63 63
64 64 64 64 56 36 63
63 64 64 63 63 63 63 63 63
72 72 72 72 63 63
72 72 72 72 72 63
63 64 64 64
64 63 64 64 64 64 64 64
64 56 56 56 56 56 56 64
64 64 56 56 64 63
63 72 64 64 64 64
63 72 72 64 64 64 64 64
72 63 63 63 63
63 63 63 63 63 56
56 56 56 56 64 63 63
63 63 63 56 45 72 64 64
64 64 64 64 64
64 64 36 63 63 63 63 63 72
72 72 63 63 63 63 63 63 63
72 72 72 63 63 63 63 63
63 63 63 63 63 64
64 64 64 64 64 64 64
63 63 63 63 63 63 63
63 63 64 64 64
64 64 64 56 56 56
56 56 56 56 56 64 64
56 56 56 63 56 64
63 64 64 64 64 64
36 63 63 63 63 64 64
64 64 63 63 63 63 63 63
63 0 25 25 25 25
25 25 25 25 25 25 25
25 25 25 25 25 25 25 25
25 25 25 25 56 64
64 64 63 63 63 63 63
63 63 63 63 63 63 63 63 40
64 64 64 64 63 63
63 63 36 36 63
63 63 63 63 63 63 63
63 63 63 63 63 63 64
63 63 64 64 56 56
56 63 63 63 56 56 63
63 63 63 72 72 72 72 72 72
72 72 72 72 63 63 63 63
63 63 63 63 72 63 63
63 63 63 63 63 63 63
72 63 63 72 72
63 63 63 63 63 63 56 56
56 63 63 63 63 63
63 63 63 63 63 63
64 64 64 64 72 63
63 63 63 63 63 63
63 63 63 63 63 63 63 63
63 63 63 63 63 63 63
63 63 63 63 63 72 72 64
64 64 64 64 64 64 64 64 56
63 63 63 56 64 64
64 56 63 63 63 63 63 63
72 72 63 63 63 63 63
63 63 63 63
56 56 56 56 56 56 63
63 63 64 56 56 56 56
0 0 0 0 0 0 0 0
0 0 0 56 56 64 64 64 64
56 56 63 63 63 63 72
72 72 72 64 72 72 63
64 0 0 0 0 0
0 0 0 0 0 0 0 0
0 0 0 0 0 0 0 0
0 0 0 0 0 0 0
0 0 0
0 0 0 0 0 0 0 0
0 0 0 0 0 0
0 0 0 0 0 0 0 0 63
63 63 63 63 63 63 63
64 63 63 63 63 63 63
64 64 72 63 63 63 63 63
63 63 63 63 63 56
56 56 56 64 64 63 63 63 63 63
63 63 32 56 56 63 56 56 63 63
63 63 63 56 63 63
63 63 63 63 72 72 64 64
64 63 63 63
63 63 63 63 63 63
63 63 63 63 63 63 63
63 63 63 63 63 63
63 63 63 63 63 63 63 63 63 63
63 63 63 72 63 63 63
63 63 63 63 63 63
63 63 63 63 63 63 24
63 63 63 63 42
42 63 63 63 63 63 63 64
64 64 64 63 63 63 63 63 63
63 72 63 63 63 63
63 63 63 63 36 63 63 63
63 63 63 63 63 63
63 63 63 63 36 63 63 63
63 63 63 63 63 63 63
63 63 63 63 63 63 63 63
63 63 63
63 63 63 63 63 63 64 64
64 64 64 63 56 64 64 56
64 64 56 32 56 64
64 64 64 56 56 56
63 72 56 63 63 56 63 63
63 63 63 63 63 63 63
63 63 63 63 63 56
56 56 56 63 63 63 63 63
63 72 63 63 63 63
63 63 63 63 63 63 63
63 63 63 63 63 63
64 64 64 64 64 64 64 64
64 63 63 63 63 63
63 63 63
63 63 63 63 63 63 63 63
63 63 63 63 63 63
63 64 64 64 72 72
72 72 36 63 63 63
63 63 63 63 63 0 0
0 0 0 0 0 0 0 0
0 0 0 0 0 0
0 0 0 0 0 0 0
0 0 0 0 0 0 0
0 63 64 64 56
64 63 63 63 36
36 63 63 63 63 63 63 63 63
63 63 63 63 63 63 63 63 63 63
63 63 63 63 63 63 63
63 63 63 63 63 63 63 36 63
63 63 63 63 63 63 63 63
63 63 63 63 63 63 63 63
63 63 63 63 63 63 63 63
36 63 63 63 63 63 63
63 63 63 63 63 63 63
63 63 36 36 36 36 63
63 63 36 36 72 72 72 63
63 72 63 63 63 63 63 64 64
63 63 63 63 63 63
63 63 72 63 63 63 63
63 63 63 63 63 63 63 63
63 63 63 63 63 63 63 63 63
63 63 63 63 63 63 63
63 63 63 63 64 64 64 64
72 64 72 72 64 64 63
63 63 63 36 9 36 36 36
36 63 63 64 64 64
64 64 64 64 64 64 32
32 56 56 56 63
63 63 63 36 63 36
36 36 36 36 36 36 36 36
36 36 24 63 63 63 63
63 63 63 63 63 63
63 63 63 36 63 63 63 63
63 63 63 63 63 63 63 63
36 36 45 63 63 72
63 63 63 63 63 63 63 63
24 24 24 63 63 63
63 63 63 63 56 24 24 24
24 24 20 20 56 56 56 56
56 56 64 56 72 72 72
72 24 24 56 63 63
63 63 63 64 64 72
72 72 72 72 72 56 56
63 63 63 63 63 63
63 64 64 64 64 64 63 64
63 72 63 63 63 63 63 63
63 63 63 63 72 72 64 64 64
56 63 63 63 63 63 63
63 63 63 72 63 63 63 64
64 64 64 64 72 63 63 63 63
63 63 72 72 63 63
63 63 63 63 63 63 63 63
63 63 63 63 36 36 63 63 63
63 63 63 63 63 63 63
63 72 63 63 72 72 72 72
72 72 72 45 72 45 36 63
63 63 63 63 36 63 63
64 64 64 64 64 64
64 56 64 64 64 64
64 40 40 32 32 36
36 63 36 63 63 63
63 63 63 63 63 63 0 0
