64 56 63 63 63 63 63 63 64
64 0 0 0 0 0 0 0
0 0 0
32 56 56 56 56 35
56 63 63 56 56 56 56
42 63 63 63 56 56
56 56 63 63 56 56 56 42
63 56 64 64
56 56 56 56 56
56 56 56 56 56 56 56 32 32
32 32 56 56 56 0
0 20 0 0 20 0 64
56 40 40 56 56 56 56 56 56
56 63 56 56 56 56 56 56
56 56 56 56 64 64 64 56
63 63
42 56 64 64 64 64 56 63
63 63 63 64 64 64 64 64
64 64 56 56
56 64 63
63 56 64 0 0 0
0 0 0 0 0
0 0 0 0 0 0 56
63 42 63 63 63 63 56 56
56 56 56 56 56 56
56 63 63 63 63 56
56 56 56 64 64 64 64 64 64
56 56 56
42 42 56 63 56 56 56
56 56 56 56 56 56 64 64
64 64 56 32 32
20 56 63 63 63 63 63
64 72 72 72 72
56 56 56 56 64 64
64 56 56 63 63 63 63 56 56
64 64 64 64
56 56 56 56 56 56 56
56 56 56 56 56 64 56 32
32 56
56 56 56 56 56 56 56 63 63
63 56 63 63
56 56 20 56 56 56 56 56
56 56 63 63 63 72
64 56 56 56 56 56 56 56 56
20 56 56 64 56 64 64 56
56 56 63 63 63 64 64 72
63 56 56 56 56 56 56 56
63 63 63 56 56 64
64 63 63 63 24 36 36
56 56 56 49 63 63 63 63 56
56 56 56 56 56 56 56 56
56 64 64 64 64 56
56 56 56 56 63 63 63 63
63 63 64 64 64 64 64 64 64
32 56 56 64 64 63 63
64 64 64 64 64
48 72 72 72 72 56 56 56
56 56 56 56 64 56 56
64 64 64 72 72 63 63
64 64 64 64
64 64 56 56 56 56 56 56
56 56 56 56 56 56 56 56
56 56 56 64 64 64 56 56 56
56 63 63 63
64 64 64 64 63
63 56 56 56 56 56
56 56 63 63 56 56 56 56
56 56 56 64 63 63 64
64 64 64 64 64 56 56 56
56 56 56 56 56 56 56 56
56 56 56 56 56 64
64 64 56 63 63 56 56 56 56
64 64 64 64 64 64 64
63 56 63 56 64
64 56 63 63 36 63 63 63
63 63 63 63 63 63 64 56
56 56 56 56 56 56 56 56 64 64
56 56 56 56 56 56 56 56
56 56 56 56 56 56 63 63
56 63 63 63 63 64 48 64 64
64 64
56 64 56
63 63 63 63 42 72
63 56 64 64 64 64 64
64 63 56 56 56 42
63 56 63 56 56 56 56 56 56
56 56 56 64 64
56 56 56 56 56 56 56 56
63 24 63
64 64 64 63 56 56 56
56 56 56 56 56 56 56 56 56
56 64 64 64 56
56 56 63 64 56 56
56 56 56 56 56 56 56 64
72 64 56 56 56 56 56
72 72 72 72 72
64 64 56 56 56 56 56 56
56 56 56
56 56 56 56 56 56 56 56
56 56 56 56 56 63
56 56 63 56 64
63 63 63 64 64 64
64 56 56 56 64 63 32 32
32 56 32 56 64 56 56 63
56 56 56 56 56 56
56 64 64 64 63 63
63 63 56 64 64 64 64 64
64 56 64 72 72 72 72 64 64
64 63
56 56 56 56 64 64 64 64 64
56 56 56 64 64 64 64
56 56 56 56 56 56 56 56
56 56 32 56 56 64
56 56 56 56 56 56 32 64
64 64 64 64 72 0 0
0 0 0 0 0 0 0 0
0 0 0 0 0 0 0 0 0
0 0 0 0 64 64 56 56 56
56 56 56 56 64
64 56 56 56 64 40 40 64
64 64 64 63 56
64 64 64
48 48 42 42 56 56 56 56 56
64 64 64 56 56 56 56
56 64
56 56 56 63 72 64 64 64
64 64 72 72 56 56 56 56
56 56
56 56 56 63 64 64 56 35
72 72 63 32 32 56 56
32 56 56 56 56 49
56 63 63 63 63 63
63 64 42 63 56 56 63
63 63
64 64 63 63 63 63
64 56 56 56 56 56 56
56 63 63 63 63 63 24
63 63 63 63 63 63 64
64 56 56 56 56 56 56
63 63 63 63 63 56 56 64
64 56 36 63 63 63 64
64 64 64 64 64 63
63 63 63
32 56 64 64 56 56 56
56 56 56 56 64 64
64 56
63 63 64 56 56 56 56
56 56 64 64 63 63 63
63 63 56 64 64 64 56
63 24 24 63 63 63 42
24 63 63 63 63 63 63 64
63 63 63 63 63 63 63 63
63 63 63 63 63
63 63 36 36 63 63 56
56 56 56 64 56 56
56 56 56 63 63 63 63 63
63 56 56 56 56 63 63
56 63 56 56 63 63 56
63 63 63 63
63 63 63 56 63 63
63 72 72 63 63 63
63 63 63 63 63 63 63 63
56 56 56 56 56 56 64 56 56
56 56 56 56
56 56 63 63 63 63 63 63
63 56 63 63
63 63 63 56 56 56
56 56 63 63 63 63
56 56 56 63 63 63 63
56 63 63 63 63 56
63 63 56 63 63 63 63 63 63
63 63 63 63 63 63
56 56 56 56 56 56 63 56
56 63 63 56
56 56 56 56 63 63 63 63 56
63 56
56 56 63 63 63 63 56
56 56 63 63 63 56 56
56 56 56
63 63 63 56 63 63 63 56 63
63 56 63 63 64 63 63 63
63 63 63 63 63 63 56
64 56 56 56 64 64 56 56
56 63 63 63 63 56 63 49
63 63 63 63
63 63 63 63 63 63 63 63
72 63 72 63 63 63 63 63 63 63
63 63 63 63 63 63
63 56 64 72 63 63 63 63 63
72 72 63 63 63 63 63
63 63 63 63 63 63 63
63 63 63 56 56 63 63
63 63 63 63 63 63 63
63 63
63 63 63 63 63 63 56
63 63 63 63
63 63 56 56 63 63 63
63 64 63 63 63 63
63 63 63 63 63 63
63 63 63 56 64
63 63 63 63 63 63 63
63 63 63 63 63 63 63 63
63 56 56 56 56 64
56 63 63
63 63 63 63 63 56 63
63 64 72 63 63 63 63 63
63 63 63 63 63 63 56 56
56 56 63 63 63 56
63 63 63 63
64 63 63 63 63
63 63 63 63 63 63 63 63 63
63 63 63 0 0 0 0 0
0 0 0 0 0 0 0 0
0 0 0 0 0 0 56
63 63 63 63 56 56 56
56 56 63 63 63 63 63
63 63
63 72 72 63 63 63 63
63 56 63 49 63 63 56
63 63 63 63 63 63
63 63 63 56 63
63 56 56 63 63 63 63
63 63 63
63 63 63 63 63 63 63 63
63 63 63 56 63 63 63 63 63
63 63 63 63 56
56 56 64 56 56 56
63 63 63 63 63 63 63
63 63 63 63 63 63
63 63 63 63 64 56 63 63 56
56 56 64
56 56 56 56 56 56
63 56 56 63 63
63 63 63 63 63 63 63
63 63 56 56 63 63 63
63 63 56
63 63 64 64 63 63
63 63 63 56 56 56 56 56
63 63 63 63 63 63
63 63 63 63 63 63 63
63 63 63 63 63 63 63
56 63
63 63 63 56 56 56 63
56 63 63 63 63
63 63 56 56 63 63
63 63 56 56 63 56 56 63
63 63 56 56 56 56 56
56 56 56 63
56 63 63 56 63 63 56 56
63 63 63 63
63 63 63 63 63 63 63 63
63 63 63 63 63
63 63 63 63 63 63 63 63
63 63 63 63 63 63
63 63 63 63 63 63
63 63 63 63 63 63 63 63
63 63 63
63 63 63 56 56 56 64 64
56 56 56 63 63 63 63
63 63 63 63 63 63 63
63 63 63 63 63 63 63
63 63 63 63 63 63 63 63 63
56 63 63 63 63 63 63 63 63
63 63 63 63 56 56 63 63
56 56 63 63 63 63 63
63 63 63 72 63 63
63 24 32 56
42 48 0 0 0 0 0 0
0 0 0 0
0 0 0 0 0 0 0 0
0 0 0 0 0 0 0 0 0
0 63 63 56 56 63 63
63 63
63 63 63 63 56 63 56 56
63 63 63 56 63 63 63 63
63 63 63
63 63 63 63 63 63
63 63 63 63 63 63 56
63 63 63 63 63 63 63
63 63 63 63 63 56
56 63 63 63 63 63 63 63
63 63 63 63 63 63
63 63 63 63 63 56 63 63
63 56 56 63 63 63 63 63
63 63 63 63 64 56 56 63
63 49 49 63 63 63 63 63
63 63 63 63 63 63 63
63 63 63 63 63 63 63 63
63 63 63 63 63 63 63 63
63 63 63 63 72 64 56 63 63
63 63 63 63 63 63
63 63 63 63 63 63
63 63 63 63 63 63 63 63
63 63 63 63 56 63
63 63 63 64 56 56
63 63 72 64 63 56
63 63 63 63 63 63 63
63 63 63 63 63 56
56 56 56 56 63 63 63 63
63 63 63 63 63
72 63 63 63 56 56 56 63
63 63 63 63 63
63 63 63 63 63 63 63 64
63 63 63 63
63 63 63 63 63 64 64
64 72
72 48 72 72 64 72 72
72 56 56 56
56 56 56 56 56 56
56 56 56 56 56 56
56 63 63 63 63 63
63 63
64 64 64 64 64 63 63 56 56
64 64 64
72 64 56 63 63 63 63
56 56 64 64 64 64 64
63 56 64 64 64 42 56 56
56 63 63 63 63
42 56 56 56 56 56 56 72 72
72 64 64 64 64
64 56 56 56 56 56 56
56 64 56 56 56 32 56
56 56 56 56 56 42 63 63
63 42 56 56 64 64 63 63
63 63 56 56 56 56 56
56 56 56 56
56 56 64 56 64 64 64 63
63 63 63 56 64 64 64 64
64 64 0 0 0 0
0 0 0 0 0
0 63 63 63 63 56 64 63
63 63 64 56 20 20 20 20
20 20 56 56 56 56 56
56 56 32 32 32 63 64 72
56 63 63 63 63 63 63 63 63
64 64 64 64 64 64 64
64 64 64 64 64 64 64 63
63 42 63 56 63 63
56 64 64 56 56 56 56 56
63 63 63 63 63 63 63 63
63 63 63 63 63 64 64 56
56 48 48 63 63 56 64
63 63 63 63 63 56 64 64
64 64 72 72 64
72 72 72 64 56
56 56 56 63 56 56
64 64 64 56 56 56
56 63 63 63 63 63 63
63 63 63 63 63 63 63 63 63
63 63 56 56 56 63
63 56 64 64 56 56 56
63 63 63 63 63 56 56
56 56 56 56 56 56 63 63
56 63 63 42 63 63
63 63 63 64 56 56 56
63 63 63 63 72 72
63 48
72 63 64 64 63
63 63 42 42 63 63 42
42 63
63 63 63 63 63 63 63
63 63 63 63 63 63 63
63 64 56 63 63 56 64 64
64 63
64 64 64 42 48 48 72 64 64
64 64 64 64 64 48 48
64 64 64 64 64 64 64
63 63 63 63 63 63 64 64
64 64 64 64 64 64 64 64
64 64 63 63 63 63 64 64
64 25
25 25 25 25 25 25 0 25
25 25 25 25
63 63 63 64 64 64 72 72
72 64 72 64 72 72 0
