63 63 63 63 64 64 63
63 72 72 72 63 63 63 63
56 63 63 63 63 63 63 63 63
63 63 63 63 63 63 63 63
63 63 63 63 63 63 63
63 63 63 63 64 56 64 64
64 64 64 64 64
63 56 63 64 63 63 64 64
64 63 72 63 64 63 63
63 64 64 56 63 63 56 64 64
56 56 56 56 63
63 36 32 32 36 36 36 63
63 64 63 56 64 64 63
64 64 64 63 64 56 56
56 56 56
63 63 63 63 63 63 64 64 63
63 56 56 64 64 72 63
63 63 56 56 56 63 63 63
63 63 63 63
56 56 0 0 0 0
0 0 0 0 0 0 0 0
0 0 63 56 56 56 56 56
56 56 64 63 63 56 56
56 56 56 56 56 56 56
56 56 56 63 56 63 63 56
64 64 64 0 0 0 0 0
0 0 0 0 0 0
0 0 0 0 0 0 0 0
0 0 0 0 0 0 0
0 0 0 0 0 0 0 0
56 63 63 63 63 63 64 56 56
64 56 0 0 0 0
0 0 0 0 0 0 0 0
0 0 0 0 0 0 0 0 0
0 0 0 0 0 64 56 56 64
64 64 56 64 64 56 56
56 56 56 63 56 56 56 56
56 56 56 56 56 56
63 56 56 56 56 56
56 56 72 56 56 56
56 56 64 64 64 0 0
0 0 0 0 0 0 0
0 0 0 56 56 56 56 56 56
63 63 63 63 63 63 56 56
56 56 63 63 63 56 56 56
56 56 56 63 63 56 63 63
56 56 56 56 63 63 63
63 56 64 56 56 56 63
63 63 63 63
63 63 63 63 63 63 63 63
56 56 63 63 63 63 72
63 63 63 63 63 63 63 63
63 63 63 63 63 72 72 72
64 63 63 56 56 56
56 56 56 56 56 56 56 56 56
56 56 56 56 56 63 63
56 56 56 56 56 63 56 56 56
56 56 63 63 63 63 63
63 63 63 63
63 63 63 63 63 63 63
63 63 63 63 56 56 56 56 56
56 56 56 56 56 56 56 64 64
64 56 63 63 56 56 63
56 56 56 56 63
56 56 56 56 63 56 0 0 0
0 0 0 63 56 63 63
63 63 63 63 63
63 63 63 63 63 63 63 63 63
63 63 63 63 63 56 56 56 56 63
63 63 63 63 56 56
56 56 56 63 56 56 56 56
56 56 56 56 56 56 56 56
64 64 63 56 63 56 56 56 56
56 56 56 56 56 56 63 63 63
63 56 56 56 56 56 63 56 56
56 56 56 63 63 63 56 56 56
56 63 63 56 56 56 56 56
56 56 56 56 56 56 56
56 63 63 56 56 56
63 63 56 56 56 56
56 56 63 63 63 63
63 63 63 56 56 64
72 72 56 64 64 64 64 64 64
56 56 56 56
63 63 63 64 0 0 0 0
0 0 0 0 0
0 0 0 0 0 0
56 56 56 56 56 63 72 72
72 63 63 56 56 63 63 0
0 0 0 0 0 0 0
0 0 0 0 0
0 0 0 0 0 0 0
0 0 0 0 0 0 0
0 0 0 0 0 0
0 0
0 0 0 0 0 0 0
0 0 0 0 0 0
0 0 0 56 56 56 64
64 56 56 56
56 63 0 0 0
0 0 0 0 0 0 0
0 0
0 0 0 0 0 0 0 0
0 0 0 0 0 0 0 0
64 56 64 64 64 56 63
56 56 56 56 56 64 64 64
64 63 56 56 56 56 56 56
56 63 63 56 56 56 56 56
63 56 56 56 63 63 64
56 56 56 56 56 56 56 56
56 56 56 56 56 56 56
64 56 56 56 56 63 63
63 56 56 56 56 56 56
56 56 63 63 63 63 63 63
56 56 64 64 64 63
56 56 56 56 56 56 56
56 56 56 56 56 56 56
56 56 56 56 56
56 56 56 56 56 63
0 0 0 0 0 0
0 0 0 0 0 0 56 56
56 56 56 63 63 63 63 56
56 64 56 63 63 56 63
63 64 63 63 63 63
63 63 63 56 56 56
56 63 63 56 56 56
56 56 56 56 56 56 56
56 56 63 63 63
63 63 56 56 63 56
56 56 56 56 56 56 56
56 56 63 56 56
56 56 56 0 0 0 0
0 0 0 0 0
0 56 56 56 56
56 56 63 63 56 64 64
56 56 56 63 63 63 64 56
56 56 56 56 56 56 56
56 56 56 56 64 64 64 56 56
56 56 56 56 56 56 56 63 63
56 56 63 56 56 56 56
56 56 56 56 56 56 56 36
36 36 64 56 56 56 56
56 56 56 56 56 56 56 56
56 64 64 64 56 56 56 56
56 56 64 56 56 56 56 56 49
49 56 56 56 56 56 56
56 56 56 56 56 56 56
56 56 49 56 56 56 56 56
56 56 56 56 64 56 56 56
56 63 63 56 56 64 56 56
64 56 64 56 56 56 56 56
56 56 56 56 56 56 56 56
56 56 64 56 56 56
56 56
56 56 56 56 56 56 64
72 64 64 64 64 64 56
56 56 56 56 56 56 56
64 64 72 56 56 56
56 63 64 64 64 64 56
64 64 63 63 56 56 56 56
56 56 56 0 0 0
0 0 0 0 0 0
0 0 0 0 0 0 0
0 0 0 0 0 0 0
0 0 0 0 0 0
0 0 0 0 0 0
0 0 0 0 63 63 63
64 64 64 64 63 64 56
56 56 64 64 64 63 63
63 64 64 72 64 64 56 63 56
56 56 49 49 56 56
56 56 56 56 56 64 64
56 56 56 56 56 56 56 56
56 56 56 56 56 64 64 56 56
56 64 64 64 64 64 63
63 63 63 64 64 64 56
63 63 56 64 63 63 63
64 56 56 56 64 64 56
56 56 56 63 63 56
63 63 63 64 64 64
63 56 56 56 56 56 56 56
56 56 56 64 56 56
56 56 56 56 56 56
64 64 64 64 64 64
64 56 56 56 64
64 63 56 64 64 64 64
64 63 63 64 64 64 56 56
56 56 56 56 56 56
56 56 56 56 56 56
56 56 63 63 63
63 63 63 63 63 63 63
63 63 56 56 63 63 63 63
56 56 63 56 56 56 56 56 56
56 63 63 63 56 56 63 56
56 56 56 56 63 63 56 56
56 56 56 56 56 56 56 56 56
56 56 56 56 64 56 56 56
56 72 72 56 56 56 56
56 64 56 64 56 32 63 56
56 56 56 63 63 42 63
63 63 56 56 56 56 56 56
56 56 56 63 63 56 63
64 64 56 56 56 56 56 56
56 56 56 56 56 56 56 56 56 56
63 63 56 56 56 56
63 63 63
56 56 56 56 0 0 0
0 0 56 56 56 56 56 56 56
56 56 56 56 56 56 56 56 56
56 56 64 56 56 56 63 56
63 63 56 56 56 56 56
56 56 63 64 64 56
56 64 56 63 56 56 56 56 63 63 72
56 72 72 63
63 64 0 0 0 0 0
56 56 56 56 56 56 56 56
56 56 56 56 56 56 0 0 0
0 0 0 0 0 0 0
0 0 0 0 0 0 0 0
0 0 0 0 56 56 56
56 56 56 64 64 64 64 64 64
56 56 56 56 64 64 64 56
56 56 56 56 56 56
64 64 64 56 56 56 56
63 64 64 64 64 56
56 56 56 56 64 56 64
63 63 63 63 63 63 56
56 56 56 63 72 63 63 63 63 63
63 56 64 64 64 64 64 64
64 56 56 64 64 64 64
56 56 64 56 56
56 56 56 56 56 56 56
56 56 56 56 56 56 64
64 64 64 64 64 56 56
56 56 64 64 64 64 56
56 64 64 56 56 56 56
56 56 56 63 56 64
64 56 56 56 56 56 56
56 64 64 64 64
64 64 64 64 56 56 56
56 56 56 56 63 63
64 64 64 64 63 63 63 63
63 63 63 63 72 64 63 64 56 63
63 63 63 56 56 56 56 63 63
63 63 63 63 64 64 64 56 64
64 64 56 56 56 56 56 64 64
64 64 56 56 56 56 56 56
63 24 24 64 56 63
63 56 56 56 56 56 56 56
56 56 56 64 64 64 64 64 64
64 64 64 56 63 56
63 63 56 56 63 63 63 64
64 63 63 63 63 63 63 64
63 63 63 63 63 63 56
63 63 63 56 56 56
56 56 56 56 56 64 64 56 56
56 56 56 56 56 56 64 64 64
56 56 64
0 0 0 0 0 0 0 0
0 0 0 0 0 0 0 0
0 0 0 0 0 0 0 0
0 0 0 0 0
0 0 56 56 56 56
56 56 56 56 56 56 56 56
56 32 32 32 56 56 56
56 63 63 63 56 56 63
56 56 56 56 56 63 63
64 56 56 64 64 56 56 56
56 64 64 64 64 63
63 63 63 63 63 56 56
56 56 56 56 56 56 56 56
56 56 56 56 56 56 56
56 56 63 63 63 56 64
63 63 63 63 63 63 63 63
63 56 56 56 72 63
56 63 56 56 56 63 56
56 63 63 56 63 64 56
56 56 63 63 63 56 56
56 56 56 56 56 56 56 56
64 64 63 63 56 56 56 56
56 56 56 56 63 64 56 63 63
56 63 63 63 56 63 63 63
42 42 63 63 24 64 56 63
64 64 64 64 63 63 64 56
56 56 63 63 63 56
56 56 56 63 63 63 56 56 56
56 56 56 56 56 56 56 56
56 56 56 56 56 56 56 63
56 56 56 56 56 56 56 56
56 56 56 56 56 56 56
56 56 56 56 56 56 56 56 56
56 56 56 56 56 56 56 56 56
56 64 56 56 56
64 63 56 63 63 63 63
63 63 63 64 64 63 63
63 63 63 64 64 63 42 42
63 63 63 63 63 63 63
64 64 56 56 56 56 56 56
56 56 56 63 63 63 63 63 63
63 63 64 64 56 56 56 56 64
64 64 64 56 56
56 56 56 56 56 56 56
56 56 63 63 63 56 56 56 56
63 63 63 63 64 64 64 64 64
64 64 63 63 63 63 56
56 56 56 64 64 64 64 64
64 56 64 64 64 64 64 64 64
64 63 63 64 64 63 63
63 63 63 63 63 56 56 56
63 63 64 63
64 56 56 56 56 56 56
56 63 56 64 64 64 56 36
32 56 56 56 0 0 0 0
