64 40 40 40 64 64 64 63 63 63
64 64 63 63 63
64 64 64 64 64 56 56
56 64 64 64 72 63 63
72 72 64 64
64 64 72 63 63 63 72 64 72
72 72 64 64 64 64 64
64 64 64 64
64 63 64 64 64 64 64 64
64 64 64 64 64 0 0
0 0 0 63 64 64 64
64 64 64 64 64 32 32
40 40 64 64 64 72 72 72
72 72 72 64 64
40 64 64 64 64 64 64 24
64 64 64 64 64 64 64
64 64 64 64 64 64 32 32
40 40 40 64 64 64 64 64
64 64 64 64 64 64
64 64 64 64 64
24 63 63 63 63 63 64 64 64
63 63 64 64 64 64 64 64 64
64 64
72 72 64 40 40 64 64
64 64 64
72 64 64 63 64 64
64 56
56 56 72 64 64 64 64
64 64 64 64 63 63
72 63 63 63 63 63 63 63
64 64 64 64 64
64 64 64 64 64 72 72
63 63 63 64 64 64 64 72
72 72 72 72 64 64 72 56
56 56 64 45 64
64 64 64 64 64 64 72 63
63 63 63 64
64 64 64 64 64 64 64 72
64 56 63 63 63
63 63 64 64 64 64 64
64 56 56 56
63 24 63 63 63 63 64 64
64 64 72 63 63 63
63 63 72 63
63 63 63 63 63 36 36 36
36 64 64
64 56 56 56 56 56 56 56
64 64 64 64 64 64 64 64 64
64 56 32 56 56
32 32 32 64 64 64 64
72 63 63 63 63 63 63 63 63
63 63 63 63 63 63 72 72 64
64 64 64 64 64 64
64 63 64 64 64 72
63 63 64 64
64 64 64 64 48
48 24 24 24 24 24 24 48 64
64 64 64 64 64 64 64
64 64 64 64 63 63
64 64 64 64
64 64 56
63 63 63 63 64 64 64 64
64 64
63 72 72 64 64 64
64 64 64 64
64 64 64 64 64 63 63 63
64 64 72 48 64 64 64 64
64 64 64 63 63 63 64 64
64 64 64 64
64 63 63 63 72 72 72 63
63 63 64 63 63 63 72
64 64 64 64 64 64 64
64 72 72 63 63 56 56
32 32 32 40 64 64
72 72 48 48 64 64
40 64 64 64 64 64 64 64
64 64 64 64 72
56 56 56
56 32 25 25 25 25
25 40
40 48 64 64 64 64 64
64 72 72 63 63
64 64 48 48 48 48 40
64 40
40 64 64 64 64 64 40
56 56 64 40 64 64
64 64 63 63 63 63
63 36 9 9 9
9 9 36 64 64 72 63
36 36 63 64
64 72 72 72 72 72 48
48 24 48 64
64 64 64 72 48 48 48
64 64 64 64 40
40 63 63 63 63 63
64 64 64 64 64 32 36 63
72 56 56 32 32 32 56
56 56 32
32 56 32 56 32 32 32 32
32 36 36 64 64 64
64 64 56 63 63 72 72 72
72 64 64 64 40 64 64 64
24 24 63
63 64 64 64 64 64 64
64 72 36 32 32 40 64 64
64 64 63 63 72 72
64 64 64 64 64 64 64 64 64
64 56 56 56
72 72 72 72 64 64 64 64
64 64 64 64 63 63
63 63 63 63 72 72 72
72 72 72 72 72 72
64 64 64 64 64
64 63 63 63 63
56 64
64 64 64 64 64 63 63 63 63
63 56 64 64 64
64 36 36 63 63 64 64 64
64 64 64 64 64 72
56 56 56
56 56 56 56 56 56 64 64
64 64 64 64 64 64
64 40 40 64 63
63 63 63 63 63 56 56 56 56
63 63 63 56 56 56
64 63 64 64 64 40 40 64
64 56 56
56 56 64 64 64 64
40 40 40 40 25 72 40
64 64
64 64 40 64 64 64 64
64 56 56 56 64 64 40
40 25 25 45
72 72 63 63 72
72 72 63 56 64 64 64
64 64
56 56 56 56 56 56 64 64 64
64 64 64 56 56 56 56
64 64 64 64 72
56 56 64 64 64 64 72 72
72 64 64 64
64 64 64 72 72 56 64 64 64
64 64 64 63 63 63 64
64 56 56 64 64 64 72
63 64 64 64
64 63 56 64 64 40 40 64
63 63 63 63 56 56 56
56 64 64 56 64
64 64 64 64 64 64 64
63 64 64 64 72 63
63 63 64
63 63 63 64 64 64
64 64 64 64 64 64 63
63 56
56 63 72 72 63 63 63
72 64 64 64 63 63 64
64 64 64 64 64 64
40 64 72 72 72 56 56
56 56 63 63 63 63
63 64 64 56 56
56 56 56 56 56 35
64 64 64 64 64 64 64
63 63 56
63 63 64 72 72
72 64 63
63 63 63 63 63 64 64 64 64
64 63 63
63 64 72 36 63 63
63 64
64 64 64 45 48 72 64
64 64 64
63 63 63 63 56 56 56 64 64 64
64 63 63 63 72 72
72 64 64 64 64 64 64 64
64 32 36 64 64 64 64
63 36 24
24 36 36 64 64 64 64
64 64 72 56 72 63 63
72 63 63 63 63 56
56 56 63 72
72 63 63 64 63 36 63
24 24 24 25 64 64 64
64 64 64 64 64 64 64 56 40
64 64 64 64 64 63
56 56 56 72 72 72 64
64 64 56 63 72 63
63 72 64 64 64 64 64 72
72 72 72 64 72 72 64 64
45 45 72
64 64 64 64 64 64 72
63 72 72 63
63 63 63 64 64 64 64
64 64 64 64 64 64 64 63
63 63 63 64 64 64 64
72 64 64 64 56 35 64
72 63 63 63 56 56 56 64
64 64 64 64 64 64 40
56 56 64 64 64 64 64 72 63
63 63 63 56 63 63 64
64 64 64 64 64 64
64 64
64 64 63 63 63 63
63 63 56 56 56 63 63
56 32 64 56
63 72 64 63 63
63 72 63 63 72 36
36 36 63 72 64 64 64 64
64 64 64 64 64
64 63 63 63 63 56
56 56
63 63 56 64 56
72 72 63
24 63 63 63 63 24 24
24 64 64 64 64
64 72 56 56 56 56
72 72 72 72 64 56 64
63 63
36 25 30 36 64 64 64
64 72 63 63 72
63 56 56 56 56 56 56
56 56 56 56 64 64
64 72 72 64 64
64 64 30
63 63 63 63 63 63 24 24
63 64 72 72 72 72
64 64
64 40 35 35 32 32 40
40 40 40
64 64 64 56 56 56 56 56
40 72 72 72 72 40 40
64 56 35 20 25 40 64 40 35 35
20 20 56 56 56
56 56 64 64 40 25 25 25 30
30 63 63 64 64 64 64 64
64 72 72 56 56 64 64
64 40 25 25 25
64 56 56 64 64
64 64 64 64 40 40 64 64
64 64
64 64 72 64 64 64 64 64 64
48 48 72 64 64 64
64 64 64 64 64 32 42
42 42
63 64 64 64 72 72 72
72 64 64
64 64 64 64 56 63 72
64 64 64 64 64 64
64 64 64
72 72 72 64 64 64 64 64 64
56 56 64 64 64 63
56 56 63 63 63 63
63 64 64 72 63
63 36 36 9 36
64 64 64 64 64 56 64
64 56 56 64
64 64 64 64 64 72 72 72
72 72 72 72 64 64 64 64
0 25 42 30 0 49 16
49 49 0
0 0 63 63 63 63 63 63
63 63 63 63 63 42 42
42 35 35 35 63 64 64
64 64 63 63 72
63 63 63 63 64 64 64 64 64
64 64 64 64 64 64 64
64 56 56 56 63 63 63 72
63 63 63 64 64 64 64 64
64 56
56 35 35 64 64 64 40
40 42 64 64 64 64
64 64 64 64 64 64 64 64
64 64 64 64 63
63 63 63 63 56 63
72 64 64 72 72 72 72
63 63 63 63 63 63 63
63 63 64 64 64 64 64
64 64 64
64 20 20 35 35 64
64 64 64 64 64 63
63 64 63 63 63
63 63 63 63 64 64 64 64
64 64 64 56
56 64 64 64 64 72 72 56
56 56 64 64 64 64
64 56 56 56 64
64 64 64 64 63 63 63
63 63 64 64
63 63 72
64 64 64 40 40 72 72 63 63
63 63 64 64 64 64
64 64 64 64 64 64 64 64 64
64 64 64 40 40 64 64 64 64
64 64 64 64
72 72 72 64 64 64 40 64 64
64 64 64 64 64 20
25 25 25 25 25 25 25 40
40 72 72 64 64 63 63 72
72 56 40 64 64 64 64
64 64 72 56 64 64 64 64 64
64 64
64 64 64 72 63 63 63 63
36 63 63 63 63 63 63
72 30 30 72 72 72
72 72 72 64 64 64
64 63 63 63 63 63 72 72
64 64 40 40 40 40 64
56 42 72 72 63 63 63
63 63 63 63 63
63 36 32 56 63 63 63 64
64 64 56
72 63 63 64 64
63 63 63 63 63 63 63 63 64
64 64 64 64 64 64 40
63 63 63 40 40 32 36
72 64 64 40 64
72 72 64 64 64 64 64
64 64 64 64 64 64 64
64 64 64 64 64 64 64 64 63 72
72 64 40
40 40 40 40 40 40 40 40 40
64 63 72 64 64
64 64 64 64 64 64 64 40
64 64 64 64 64 40
40 64 64 32 56 64 64
64 64 64
63 72 72 72 72
72 63 63 56 56 72 64
64 64 64 64 64 64 64 72
72 64 32 35 32 40
40 64 63
63 63 63 63 63 63 63 63 63
64 64 64 64 64 64 64
63 63 56 56 56 56
56 56 56 56 56 64
64 56
56 32 32 32 32 56 56
56 56 56 32 32 32 32
64 64 64 64 32 64 64 64 64 64
72 56 56 56 56 63 72 72 72
72 63 72 56 56
56 56 40 64 64 64
64 64 64 64 64 64 64 64
64 64 64 64
64 63 63 63 63 63 32 56 32
63 63 56 56 63 64 64
64 64 64 64 64 64 64
64 64 64 64 64 64 64 64
64 64 64 64
64 64 64 64 64 64
63 63 64 64 64
63 63 63 63 63 64 64 56 56
56 56 40 56 56 64 64
64 64 72
64 64 64 64 63 63 63 63 63
63 64
64 64 64 72 72 72 72 72
64 64 63
63 63 63 63 63 63 63 63
63 63 63 64 64 64 64
40 40 72 64 56 72 72 72 72
64 0 0 0 56 64 64
72 72 63
0 0 36 36 36
36 36 36 56
56 56 64 64 64 56 56 56 56
56 56 56 56 56 56 56 32 32
32 56 56 32 32 56 63 63
63 63 63 63 63 63 63 63 63
63 63 72 72 72 72 72 72
72 63 56 56 56 64
64 64 64 64 64
56 56 40 64 64 64
64 72 72 72 72 72 72 32 32
32 32 64 64 64 64
64 64 64 64 64 64 64 64
64 64 64 64 64 64 56 56
56 63 72 64 64 64 64
64 64 64
72 63 63 63 63
72 72 72
72 72 72 72 72 48 72
72 63 63
63 63 63 63 64 64 72 64
64 64 64
72 72 63 42 48 48 48
42 42 48 42 42
42 42 42 42 42 63 63
63 63 63 42
56 56 56 56 56 56 32
63 56 63 64
56 56 63 72 72 63 63 63 63
72 64 56 56 64 64 64
64 64 64 64 64 64
56 32 32 56 35 35 35 42
63 63 56 56 63 63 63 63
63 56 56 49 28 28 28 28 28
49 49 49 49 56 49
72 30 30 30 30 45 45
72 72 72 72 64
64 72 63 63
63 64 64 64 64 56
56 35 56 56 63 63 63
72 64 64
64 64 64 64 64 64 64 64 72
45 64 64 64 64 64 64 64 64
64 64 64 64 64
56 64 64 64 64 72
63 63 36 63 63 63 63 63
63 63 63 63 63 72
64 64 64 64 64 64
64 72 64 72 72 64
64 64 64
64 64 64 56 56 63
64 64 72 63
56 63 63 56 56 56 56 56
63 63 63 63 63 63 63 56
64 64 64 56 56 56 56
56 56 56 56 56 56
56 56 56 64
64 64 64 64 64 64
56 56 56 64 64 64 40
40 40 40 40 40 64
20 35 35 56 56 63 36 36
56 56 56 64 64 64
64 64 64 63
63 63 64 64 64 64 64 64 64
64 56 56 56 56 56 32 32 56
56 64 64 64 64
64 64 64 64 64 64 64
64 56
64 64 64 64 64 64 64
63 63 63
63 63 64 64 64 64
64 64 64 64 64 64 64 64
64 64
64 64 64 64 64 64 56 64
64 64 64 64 64 64
40 40 40 40 40 40
64 64 64
56 56 56 56 56 56 56 56
72 72 72
72 72 64 64 64 64
64 72 72 72 72 72
72 56
35 35 20 20 35 35
63 72 72 72 72 72 72 72
72 72 72 72 72
72 64 72 72 72 64
64 72 72 64
64 64 64 64 64 64 64
64 64 64 64 64 72
72 72 72 64 72 72
72 72 72 64 64 63
63 72 64 64 64 64 64
64 64
64 64 64 64 64 64 64 64
64 64 64 64 56
56 64
64 64 64 64 64 64
64 64
64 64 64 64 64 64 25
64 64 64 64 64 63
63 63 64 64 64 64 40
64 56 64 64 64 63
63 63 36 9 72 9 36 64
64 64 64 64 64 64 64 64
63 63 64
64 64 64 64 64 64
63 72 72 40 40 40 40 64
64 64 64 72 64 64
35 35 56 56 56 56 63 63
63 63 63 63 63 63 63
63 63 63
56 64 64 64 64 64 63
63 63 63 56
32 36 36 32 56 32
32 63 64 64 72 72 72
72 72 72 64 64 63
63 63 63 63 56 56 56 56
64 64 64 64
64 64 64 64
64 64 63 64 56 64 64
64 64 64 40 64 64 64 40 40
40 64 64 64 56 56 56 36
63 63 63 63 63 63 63
63 40
64 64 64 64 64 42 42
63 64 64 64 64 64 64
40 40 40 40 64 64 64 64
64 64 64 64 64
64 25 20 20 35 20 35
20 20 20 35 20 25 25
40 64 64 64
64 64 64 64 64 30 63 63 63
64 64 64 64 56 72 64
56 56 56 56
56 56 56 56 56 56 63 72
72 72 72 72 63 56 63
72 63 63 63 64 64 64 64 64
64 64 64 64 64 64 64 63
63 63 63 63 63 63 63
63 63 63 63 56 56
56 64 64 64 64 64 64
64 64 64 64 64
64 64 64 64 64 64 64 64 72
72 56 64 64 56
64 72 64 64 64 64 64 63 56
63 25
25 25 64 72 72 72 72 64
64 64 64 64 64 64 64
72 72 72 72 72 63 63
25 25 25 63 63 63
63 32 32 56 64 64 64
64 72
72 72 56 63 24 72 64 64
64 64 32 64 64
64 64 63 63 63 64 40
25 64 40 40 64 64 64 56
72 72 63 56
63 56 63 63 24 24 63
63 63 63 63 63 63 63 63 63
36 63 64 64 72 72 64
64 64 64 72 72 64 32 20
48 72 72 64 25 25 42
63 63 72 72 72 72 20 56
56 56 56 35 64 72 72
72 72
56 56 56 56 56 72 63
63 63 24 24 63 63 63
63 64 64 64 64 72 72
30 63 64 64 64 64 72 72 72
72 64 64 64 64 64
64 64 64 64 64 64 64
64 64 64 64 64 64 64
63 63 63 63 63 64 64
64 64 64 64 64 64 56 56
64 64 64 64 64 64 64 64 64
32 32 32 64 56 56 64 64
64 64
64 64 64 64 64 64 64
64 64 45 63
63 63 63 63 63 0 0 0 0 0
