56 56 24 24 56 56 56 56
56 56 56 63 56
64 56 56 56 63
56 56 56 56
56 56 56 56 56 56
56 56 56 56 56 56 56
56 56
56 35 35 56 56 56 56 56 56
56 56 56 56 56 56 56
56 56 56 56 56 56
56 56 56 56 56
56 56 56 56 56 63 63 63 63 63
63 63 56 56 56 56 64 56
56 42 56
56 63 32 56 56 56 56 56 32
56 56 56
56 56 56 32 20 32 56 56
56 56 56 56 56 56 56
56 32 32 32 56 56
56 56 56 56 63 63 56 56
56 56 56 56 56 49 56 56
32 56 56 56 56 32 56 32
32 32 56
56 56 56 32 56 56 56
35 28 49 56 56
56 56 56 56 56 56
32 20 20 56 56 56 56 56
56 56 56 56 56 56 56
56 56 56 56 32 56
56 63 56 56 63 63 56 56
56 56 56 63 63 35 49
56 56
56 56 56 56 56 56 56
56 56 56 56 56 56 56 63 63
63 63 56 56
56 63 63 56 56 56 56 56
20 56
56 49 28 56 56 35 56
64 56 35 35 56 56
56 56 56 56 56 56 20
32 49 49 28 49 56 49
49 49 56 35 49 49 49 56
56 49 49 49 49
56 56 56
56 56 56 56 56 56
56 56 56 56
20 28 28 20 20 20 20
35 35 56 56 56 56 56 56 49
49 49 49 49 49
56 56 56 49 28 49 49 49
49 56 35 56 56 35 63
63 63 56 20 16 49 49
28 49 16 20 56 56 35
56 56 56 56 56 56 56
56 49 56 56 32 56 56
56 56 56 56 56
56 56 56 56 56 56 56
56 56 56 56 56 56
56 56 56 56 56 56
56 56 56 56 56 49
56 56 28 49 49 49 49 49
35 56 56 56 49 28 28
49 56 56 56 56 56 56 56
56 56 56 35 56 63 63
63 56 56 56 56 56
63 56 56 56 56 56
56 56 56 64 56 56
56 56 56 56 56 49
49 56 56 56 56 49 56
49 49 49
56 56 56 56 56 56 56 49
56 32 56 56 56 56
56 32 56 56 64 56
56 49 49 56 32 56 56
28 49 49 49 49 49
56 49 49 49 49 49 49 49 49
35 35 56 56 56 35 56
56 56 56 56 56 56
32 56 56 56 56 56 56 56 56
56 56 56 56 56 56 56
56 56 56 56 56 56 56 56
32 32 32 56 56
56 56 56 56 32 32 32 28
28 20 28 28 20
20 20 28 35 35 49 56
35 56 56 56 56 56
56 49 0 0 0
0 0 0 48 48 48
35 56 56 56 35 35 56 56
56 56 56 56 56 56
56 56 56 56 56 56 63 36
63 63 63 56 56
56 56 56 63 56 56 56
20 20 20 20 49 20 49
49 49 20 28 56 63 63 63
63 63 56 56 56 56
56 56 56 56 56 56 32 20
56 32
56 56 56 56 56 32 32
56 56 63 63 56
56 56 56
63 45 45 36 36 56 56
32 56 32 32 32 56
56 56 56 56 32 32 32 32
56 32 56 56
56 32 32 20 20 56 56 56 56
56 56 56 42
56 56 56 56 56 56 56 56 56
56 32 56 56 56
56 32 56 56 32 20 56 56 56 63
63 63 63 56 32 56 56
56 56 56 56 56 63 63 63
56 56 56 63 36 56 56 56
56 20 32 56 56 56 56
56 56 56 56 56 56 56 56
56 56 56 56 56 56
56 63 63 63 63 63
42 56 56 56 56 56 56 56 42
35 56 56 56 56 56 56 32
20 20 56 56 56 56 32 32
32 63 32 36 36 63
63 63 63 63 56
24 24 24 24 24 24
24 24 24 24 24
36 36 36 24 24 24 24
56 32 32 32 56 56
20 28 49
56 56 56 56 56 56 32 56
56 56 56 56 56 63 42 42
56 63 56 56 63 63 56
56 56 32 20 20 49 49 49 56
63 63
32 56 56 56 20 56 56 56 56
56 56
56 63 63 63 63 36 56 63
63 56 49 49 49 49 49
49 49 49 49 49 49 49 56
20 20 16 56 56 36 63
36 36 56 56
56 32 63 63 63 63 56
63 63 63 63 56 56
56 56 56 20 20 49 56 56
56 56 56
49 49 56 56 56 56
56 56 56 56 32 20 20 16 16 16
49 28 20 20 16 16
16 20 16 35 20 20 35 20 16
16 56 56 32 56 56 56 32
32 56 32 32 56 56 56 56 56 32
56 56 56 32 56 56 56 56
56 56 56 56 56
16 20 49 20 28 49 49
49 20 49 49 49 49 56 63 63
56 56
35 56 56 56 56 56
56 35
56 56 56 36 32 20 20
20 20 20 28 20 20
32 49
20 20 20 20 56 56 49 56
20 32 32 32
49 20 20 16 20 56
56 56 56 32 56 32 56
56 32 56 56 56 56
56 56 56 63 36 63 56 56
56 63 63 63 63 36 36 63 56
56 56 56 56 56 56 56 56 56
63 63 63 63 63 63 56 56 56 56 56
56 56 56 56 56 56 56 56
63 63 56 56 63 63 63 63 63
63 63 63 63 63 56 56
20 20 20 32 28 56 56
56 20 35 56 56 20 20 32 20
20 20 32 32 56 32 36 36
36 56 56 32 35 49
35 35 20 20 20 20 20 20 20
20 35 56 32 24 36 63
36 63 63 56 56 56 49 49
35 49 20 49 49 20 20
56 56 56 28 28 56
56 32 32 56 56 56 56 56 56
56 56 56 56 63 42 56
56 42
56 56 35 56 63
63 63 63 63 63 56
56 56 56 56 56 56
56 56 56 32 32 56
56 56 63 36 36 20
20 20 32 56 56 56 56 32 56
56 56 56 56 42
42 63 56 56 56
56 20 56 49 20 20 20 49 49 49
20 56 56 56 32 20 49
49 28 49 20 20 28
16 28 28 28 20 28 28 49 20
20 28 28 28 28 28 49 20
16 16 28
16 20 56 20 63 63 63 56
56 56 56 56 56 56 56 56 56
56 56
35 20 20 32 56
56 56 56 56 56 36
36 36 32 32 56 56 56
56 56 56 63
56 56 63 63
63 56 32 56 20 28 28 28
20 16 16 20 16 49 56
20 35 56 56 56 56 56 56 56
32 32 56 56 63 63
64 64
64 64 72 64 0 0 0 0 0
0 0 0 0 0 0 0 0 0
0 0 0 56 20 20 20
20 20 16 16 20 20 28
56 63 63 63 63 63 63 63
56 56 56 56 56 56 49
49 20 20 20 20 20 20 16
16 16 16 16 16 16
20 20 16 20 20 16 16 16
16 20 16 28 49 49 20
20 35 20 20 56 20 20
20 20 20 20 20
16 16 16 56 56 56 56 56 56
56 56 56 56 56 56 56
56 56 56 35
35 56 56 56 35 56 56 56 56 56
56 56 56 56 56 56
56 56 56 32 56 20 16
49 28 20 16 16 20 20
20 20 16 16 28 56 32 56
56 56
56 63 56 56 56 56 56 63 63
63 63 63 42 63 56
56 56
56 56 49 49 49 49 49 56 56
63 63 63 63 63 20
56 56 56 63 63 63
63 56 56 63 32 20
20 20 28
28 16 20 16 28 20
20 28
16 16 20 20 20 20 20 16 49
28 16 28 20 20 28
28 28 28 28 28 28 28 28 28
28 28 16 16 16 16 16
28 16 16 16 20 20 28 20
32 56 56 49 49 16 49
49 16 20 16 28 16 28
49 56 63 63 63 63 63 56 56
56 42 63
63 32 32 20 32 63
63 56 56 56 56 56
56 56 56 56 56 56 56
56 56 56 63 56 56 42 42
56 56 56 56 32 20 20 20
16 20
16 16 28 16 16 16 28
16 56 63 36 36 36 63 56
56 56
56 42 63 63 63 63 63 63
56 56 56 56 56 56 42 63 63
63 56
63 42 42 64 56 56 56 56 56
56 56
63 63 20 20 20 20 20
20 20 16 20 20 20 20
20 20 20 20 20 56
56 56 63 63 42 56
63 63 56
56 56 56 63 56 63 63 56
20 28 49 49 28 20 28 20 20
49 20 28 28
16 16 35 20 16 16 35
20 20 20
20 20 20 20 20 16 20 16
16 16 56 56 49 28 28
28 28 16 49 49 28 28
28 16 28 35
20 49 49 20 20 35 32 32
32 20 28 28 56
63 63 63 63 63 56
56 56 56 49
56 16 16 16 49 49 49 49 49
28 28 28 49
56 56 56 56 56 56 56
56 56 56 64 56 56 56
56 56 56 56 56 16
16 28
28 49 16 28 28 49 49
16 28 28 16
28 28 56 56 24 24 24 24
56 56 56 56 56
56 63 56 56 42 42 63
63 56 56 56 20
56 49 49 56 16 20 20
20 20 28 49 35
20 16 16 16 16 28 28
28 16 28 56 32 32
20 20 20 20 28 28
35 20 16 16 16 20 20
20 20 20 20 20 16
20 28 28 20 16 20
20 16 20 20 20 20 20
20 20 20
20 20 20 28 20 35
63 63 63 56 56 56 20
16 28 16 20 56 49 56
35 35 56 56 56 35 56 56 56
56 56 56 56 56 56 56
56 56 56
36 36 63 36 36 63 36 63
20 20 16 16 20 56 56
56 56 56 56 56 56
56 56 63 63 56 56
63 63 42 63 56 56 56 56 56
56 56 56 56 56 72 56
56 56 56 64 64 56 56 56
25 25 25 25 25 25 25 25
25 25 25 25
56 56 56 56 56 56
56 56 56 56 35
