72 63 63 63 63 63 63 63
63 63 72 63 63 63 72 72
0 0 0 0 0 0 0 0 0
0 0 0 0 0 0 0 0
0 63 63 63 63 63 63 63
63 72 72 63 63 63 72 72 72
63 63 63 63 63 63 63 63
63 63 63 63 63 63 63 63 63 63
72 63 63 63 63 63 63 63 56
63 72 72 63 63 63 63 63
63 63 63 63 63 72 63
63 72 72 63 63 72 72
63 56 56 0 0 63 63 63 63
63 63 0 0 0 0 0 0
72 56 72 56 56 0 0
0 0 0 0 0 0 0
0 0 0 0 0 0 0 56
56 35 63 63 63 63 63 63
72 0 0 0 0 0 0
0 0 0 0 0 64 0 63
63 56 63 0 0 0 0
0 0 0 0 0 0 0
0 0 0 0 0 0 0 0
0 0 0 0 0 0 0 0
0 63 63 63 63 63 72 0
0 0 0 0 0 0
0 0 0 0 0 0
0 0 63 63 63 72
63 0 0 0 0 0
0 0 0 0 0
0 0 0 0 0 0 0
63 63 63 63 0 0
0 0 0 0 63 63 63
42 35 35 35 63 63 63 63
63 0 0 0 0 0 0 0
0 0 63 63 63 63 63 63
63 63 40 0 0 0
0 63 63 63 63 63
63 63 63 63 63 63
63 63 63 63 63 63 63
63 63 63 56 63 63
63 63 63 63 63 0 0
0 0 0 0 0 0 0 0
0 0 0 0 63 63 63 63
64 63 63 63 63 63 72
63 63 63 0 0 0 0 0
0 0 0 63 63 56 56 63
0 0
63 63 63 63 63 63 63 63
63 63 63 63 72 72
81 81 72 81 72 72 72 72
72 72 63 72 0 0 0 0
0 0 0 0 56 63
63 56 72 56 56 0
0 0 0 72 72 72 63 63
63 63 0 0 0 0
63 63 63 72 0 72
0 0 0 0 0
0 0 0 0 0 0 0
0 0 0 0 2 4 2
2 4 4 0 0 0 0 0
0 0 0 0 0
0 0 0 0 0 0
0 63 63 63 63 63 72 0
0 0 0 0 0 0 0 0
0 0 0 0 0
0 63 63 63 63 63
63 63 63 63 63 63
63 63 63 63 63 63 63 63
63 63 63 63 63 63 63
63 63 63 63 63 63 63 63 63
63 63 63 63 63 63 63 63
63 63 63 63 63 63 63
63 0 0 0 0 63 63
63 63 63 63 63 63 63 63
0 0 0 0 0 0 0 0 63
0 0 0 0 0 0
0 0 63 63 63 63 63
0 0 0 0 0 0 0
0 0 0 0 0 0 0 0
0 63 63 63 63 63 63
63 63 63 63 63 56 63
72 72 63 63 63 63 63
63 63 63 63 63 72 42 63
63 63 56 72 63 63 63
0 0 0 0 0 0 0
0 0 0 63 63 63 63
63 0 0 0 0 0 0
0 63 0 0 0
0 0 0 0 0 0 0 0
0 0 63 63 0 0 63
63 63 63 72 63 63 63 63
63 63 63 63 63 63 63
63 0
0 0 0 0 72 63 63 0
0 0 0 0 0 63 63 63
63 0 0 0 0 72 63
72 63 63 63 63 63 63
63 63 63 63 63 63 63 63 63 63
63 63 63 63 63
63 63 63 63 63 63 63 63
63 63 63 63 63 63 63 63
63 63 63 63 63 63 63 63
63 72 63 72 72 63 63 63 63
63 63 72 63 63 63 63 63 63
63 63 63 72 63 72 72 63
63 63 63 63 63 63
63 63 63 63 63 63 63 63
63 63 63 63 63 63 81
72 63 63 63 63 42 63 63
63 63 63 63 63 63 63
56 63 63 63 63 63 56 56
56 63 63 63 63 63 63 63
63 56 56 56 56 63 63
63 63 63 63 63 63 63 63
63 63 63 63 63 63 72 72
63 63 72 63 63 63 63
63 63 63 63 63 72
72 63 63 63 63 63 72 63 63 63
63 63 63 72 63 63 63 63
63 63 63 63 63 63 63 63 63 63
56 56 56 56 63 63 63
63 63 63 63 63 63
63 63 63 63 63
56 63 63 63 63 63 63 63 63
63 63 63 63 63 63 63 56
56 63 63 63 63 63 63 63 63
63 63 63 63 63 63 63 63
63 63 63 63 63 63 63
63 63 63 63 63 63 63
63 63 63 63 63 63 72
72 72 63 63 63 63 63 63 63 63
63 63 63 63 63 28 56
0 0 0 0 0 0 0
0 0 0 0 0 0
0 0 0 0 0 0 0
0 63 63 63 63 63 63
63 63 63 63 63 63 63
63 63 63 63 63 63 63
63 63 63 63 63 63 63 0
0 0 0 0 0 0 0 0
0 0 0 0 0 0 0 0
0 0 0 0 0 0
0 0 0 0 0 0 0 0 0
0 0 0 0 0 0
0 0 0 0 25 4 0
0 0 0 0 0 0 10
0 0 0 0 0 0 0
0 0 0 0 0 0 0
0 0 0 0 0 63 56 56
56 56 63 63 63 63 63 56
56 56 35 56 56 56
63 63 63 63 63 72
63 63 63 63 63 63 63 63
63 72 63 63 63 56 63
56 63 0 0 0 0 0 0
0 0 0 0 0 63
63 63 72 63 63 72 63 63
63 63 63 63 63 63 63
63 63 63 63 63 56
56 56 63 63 63 56 56
56 56 56 63 42 63 63
56 63 63 63 56 63
63 63 0 0 0 0 0 0
0 0 0 0 0 0
4 4 4 4 4 4 4
4 4 63 63 56 63 63 63
63 63 56 63 63
63 63 63 63 63 63
63 63 63 63 63 63 63 63
63 63 63 63 63 63
63 63 63 63 63 63 63
63 63 63 63 63 63 63 63
63 63 63 63 63 63 63
63 63 72 72 63 63 63
63 63 63 63 63 63 63
63 63 63 63 63 63 63
63 63 63 63 63
63 63 63 63 63 63 63 63
63 63 63 63 63 63
63 63 56 56 63 63
63 63 63 63 63 63 63 63
63 63 63 63 63 63 63 63 56
56 56 63 56 56 63 63 63 63
63 63 63 63 63 63 63 63 63 63
63 63 63 63 63 63
63 63 63 63 63 63 63 63 63
63 63 63 63 63 63 63 63
63 63 63 63 63 36 63
63 63 63 63 63 63 63 63
63 36 63 63 63 63 63 63
63 63 63 63 63 63 63 63 63
72 63 63 56 63 63 63 56
63 63 63 63 63 63 63
63 63 63 63 63 63
63 63 72 56 56 56 56
56 56 63 63 63 63 63
63 63 63 63 63 56
56 56 56 63 63 63 63 63
63 63 63 63 63 63 63 63
63 63 63 63 63 63 63
63 63 63 63 63 63 63 63
63 63 63 63 0 0 0 64
0 0 0 0 0 0 0
0 0 0 0 0 0 0 0 0
0 0 0 0 0 0 0
0 0 0 0 0 0 64
64 0 63 63 63 63 63 63 63 63
63 63 63 63 63 63 63 63
63 63 63 63 63 63 63 63
63 63 63 63 63 63 63
63 63 63 63 63 63 63
63 63 63 63 63 63 63 63
63 63 63 56 63 63
63 56 63 63 63 63 63 63
63 63 63 63 63 63
56 63 63 63 63 63 63 63
56 56 56 35 56 56 63
63 63 56 56 63 63 56
63 63 63 63 63 63 63 63
63 63 63 63 56 63 63 63 63 63
63 63 63 63 63 63 63 63
63 63 63 63 63 63 63 63
81 63 63 63 56 56 56 63
63 63 63 63 63 63 63 63
56 63 63 63 63 63 63 63 63
63 63 63 63 63 56 63 63 63
63 56 35 63 63 63 63 63
