64 63 63 56 64 64 64 56
56 56 56 56 64
72 63 63 56
63 63 64 64 64 64 56
56 64
64 64 64 64 64 64 64 63 63
63 56 56 56 56 64 64
64 72 72 72 64 64 64 64
64 64
64 64 64 64 64 64 64 56 56
63 56 56 64 64 64 64
64 64 0 0
0 0 0 63 64 64 64
64 64 64 64 64 32 32
40 40 64 64 64 64 64 64
64 64 64 64 64 72
64 64 64 64 64 64 64 64 64 64
64 64 56 56 64 64 64
42 42 42 42 40 40 72 48
48 48 48 64 64 64 64 64
64 64 64 64
64 64 64 64 64
64 56
63 63 63 63 63 56
56 63 56 56 56 56
64 64 63 63 63 63
32 32 32 8 32 32 64 64
64 63 63 63 63
63 63 63 63 63 63 63 56
72 72 64 64 64 36 36
56 56 56 56 56 56
56 63
63 63 63 63 56 56 63
64 64 64 64 64 64 24
42 42 63
36 32 36 45 45 64 64 64 64
63 63 63 63 63 63
64 64 64 64 64 64 40
64 64 72 72 72
20 32 56 56 56 45
64 56
56 56 56 56 36 36 32
32 56 56 32 32 32 32 32
56 56 64 64 64 64 64 63
24 63 64 64 64 64 63
63 63 63 63 63 24
56 63 56 63 63 63 63
63 63 56 56
56 56 64 64 64 56 56 64
64 64 64 56 56 64 64 64 64
64 64 64 72 72 72 72
72 56 56 56 63 63
64 72 64 56 56 56
56 56 56 56 63 63 63
56 56 56 56 56 32 32
56 63 72 63 56 56
64 64 64 56
56 56 56 64 64 64
64 64 64
63 63 56 56 56 56 56 56 56
56 63 56 56 56
56 56 56 64 64 64 64 64 63
63 63 56 56 56 56
64 56 56 63 63 63
72 64 64 64 63 72 72 64 64
72 72 72 72 64 72 72 72 64
64 64 63 63 63 63 56 56
56 63 63 63
56 64 64 56 56 56 56
56 56 56 56 56 56 56
56 56 56 56 56 56 56 56
56 64 64 72 72 72 63
56 56 63 64 64 64 64 64 63
56 56 56 56 63 63
63 63 63 56 64 63
63 63 63
56 63 63 63 63 63 63 63 63
63 63 56 64 64 64
64 64 64 64 56 56 63 64 63
63 63 63 56 56 56 63 63 63
45 45 64 64 64 64 56 56 56 63
63 72 72 72 63 63 63
63 64 64 64 56 32 56 63
63 56 63 63 63 56 56
56 56 56 56 63 63 56
64 64 64 63
63 63 63 63 63 72
72 72 72 64 64 64 64 72 72
72 72
24 56 56 56 56 56 56 56
56 36
36 36 63 36 63 63 36
63 63 63 64 64 56 56
63 64 64 64 64 64 64 64
64 64 72 72 72 72 56
56 56 56 56 56 56 56 56 72
72 72 72 72 72 72
72 72 72 72
56 56 56 56 56 56 56 56
64 64 32 32 32 32 32 32
32 32 32 32 32 32 36 32 32 36
36 63
72 72 72 72 64 56 56 64
64 64 64 64 72
72 72 72 72 64 64 64 64 64
64 72 72 48 72 72 64 64 72
72 72 72 72 72 64 64 64
64 64 64
63 32 32 32 32 32 32 32
32 56
63 63 64 64 64 64 64 64
64 56
56 56 56 63 63 63 64
64 64 64 64 56 32 32 56
56 56 56
63 72 72 72 64 64
64 64 64 63
63 63 63 63 63 63 72 64
64 64 64 64 64 56 56 63
72 72 72 72 72 72
72 72 72 72 72 63 63
56 56 56 56 63 63 63 64 63
63 63 63 64
56 56 32 32 32 56
56 64 64 64 64
63 63 63 63 63 24 36 63
63 63 36 36 36 36 64 64 64
64 64 64 64 64 64
63 63 63 36 36 63 63
63 56 64 64 64 64 72 72
63 56 56 56 56 56 56
63 56 56 64 64 72
63 63 56 56 56 64 64
64 64 63
64 64 63 72 72 64
64 64 63 63 63 63 63
56 56
56 56 56 63 63 63 63
64 64
64 64 64 64 64 63 63
64 64 64 64 64 64 64
63 63 63 56 63 63 63 63 63
63 49 0 72 72 63 63
63 63
63 63 64 64 64 56 56 56
56 63
64 64 64 64 64 56
56 56 56
63 56 56 56 56
56 56 56 56
56 56 63 64 64 64 64 64
64 64 63 64 64 64
64 56 56 63
64 64 42 63 63 63 63 63 48
72 72 72 72 72 72
56 56 56 56
56 56 56 63 63 63 63 64
64 64 64
56 56 56 56 56 56
63 63 36 36 63 56
56 56 63 63 63 56 56
63 63 63 63 63 63 63 36
36 36 64 64 64 56 56
56 63 63 63 63
63 63 63 64 64 64 64
64 56 56 56 64
56 64 64 56 56 56 56 63
63 63
63 63 64 64 56 56 56
56 56 64 64 64 63
63 63 63 64 64 64 56
64 56 36 36 63 64 56
64 64 64 64 64 56
56 56 56 63
56 56 56 63 63 56 56 56
56 63 63 72 64 64 72 63
63 63 63 63 63 63 64
64 64 64 64 64 64 63
63 64 63 63
72 72 63 63 63 56 56 56
56 72 63 63 63 63 63
63 72 72 72 72 72 64
64 64 64 64 63 56 64
64 56 56
56 56 56 63 72 72 72 72 64
56 56 64 64 64 72 72 63
56 56 64
64 64 45 40 64 64 63 63
63 72
72 72 72 72 72 72 72 72 72 72
72 72 72
64 56 56 56 56 56 72
64 64 64 64 72 72 72
72 72 72 72 64
64 56 63 63 63 63 63 63 63
64 64 64
56 56 56 56 56 56
64 64 64 64 64
64 56 56 56 64 64 64
64 64 64 64 63
72 63 63 64 64 64 64
56 63 36 63 63 72
64 56 56 56 56 56 56
64 64 63 63 63
63 63 63 72 72 72 72
72 72 72 72 72 72 72
72 56 56
63 63 63 56 56 56 56
56 64 56 56 63 63
63 63 63 63 63 63 63 63
63 56
64 56 63 63 63 63 63
63 63 63 72 72 72 72 72 72
72 64 72 72 45 72 72 63 63
63 63
63 72 56 56 56 64 63
63 63 63 56
64 64 64 64 64 63 63
63 56 56 63
56 56 64 63 36 63 63 64 64
64 64 56 64 64 72 72
72 63 56 56
32 32 32 32 32 32 32 32
32 32 32 32 56 56 56
64 64 72 72 72
64 72 72 72 72 72
64 64 56 56 56 63
72 72 72 72 72
72 64 72 72 72 72 72
72 72 72 72 72 72 72 56 56 56
56 64
64 64 72 64 72 72 72
72 72 72 64 64
72 45 72 72 72 72 72 72
72 72 24 24
30 30 72 72 72 72
72 72 63 63 56 56 56 56
20 20
56 56 56 56 63 72 64 64 64
64 64
64 64 63 63 72 72
63 56
63 72 72 72 64 64 64 64
56 32 56 56 56
56 64 56 56 56 63
63 63 63 56 56 56 63 63
63 64 64 64 64 64 63
63 63 63 64 64 64 64
56 63
72 72 72 72 72 56 64 64
64 63
63 56 56 64 64 64 64
64 56 63 63 64 64 64 63
63 56 63 64 64 64 64 56
56 56 20
24 56 32 56 56 56
63 63 63 36 8 9
9 36 36 63 63 63 56 56
56 56 56
56 56 56 56 56 56
56 63 72 63 63 63 63
63 64 64 63
63 56 56 56 56 56 56 56 56
56 56 56
56 56 56 56 32 32 32
36 64 56
63 63 63 56 56 56 63 63
63 63 63
56 56 56 32 8 32 36
64 56 56 64 56
56 56 56 36 63 36 36
36 24 24 24 24 63
63 36 32 36 63
32 56
56 56 56 56 56 63 56 32
36 36 63 64 64 64
64 63
56 56 63 63 63 63 63
63 56 56 63 56 56 56 56 63
72 72
72 63 63 63 56 56 56 56
56 56 56 63 63
63 63 63 63 56 56 63
64 64 56 36 36
45 63 63 63 63 63 63 63 63 63
63 63 63
36 56 63 63 36 32
56 32 32 32
56 32 56 56 56 56 56 64 64
72 72 72 72 72 72 72 72 72
72 72 72 64
64 64 64 64 56 56 56
32 20 56 64 56
56 56 56 56 72 72 64
64 72 72 72
72 64 64 64 64 56 56 63
63 64 64 63 63 56 56 56
64 64 63 63 63 63 56
64 64 64 56 56 56
63 63 56 56 56 56
20 32 56 56 56 32 56 20
56 56 56 56 56 56
72 72 72 72 72 72 72
72 64 64 64 64 56 56
56 56 56 56 56 56 56
56 56 56 63 64 64
64 72 72 72 63 63
63 72 72 48 48 48 48 72 72
64 64 72 72 72 64 56
56 56 56 56 56 56 56
64 64 64 64 64 56 56
56 56 56 56 56
56 56 56 56
63 64 64 56 56 20 56 56
56 56 64 64 64 64 64 64 56
56 56 56 56 56 56 56 56 64
64 63 63 63 63 63 63
63 63 64 64 64 64 64 56
63 63 63 63 63 63 63 56 56
64 64 72 72 72 72
72 64 63 63 63
63 63 63 63 63 63 63 63 63
63 63 24 24 63 63
63 64 64 64
56 56 56 56 56 72 63
63 63 63 63 64 64 0 0
63 63 63 63 63
63 63 63 63 63 63 63 63
63 63 63 63 63 63 63 63
63 63
63 63 63 63 72 72 63 63 63
63 56 56
56 56 63 56 56 63
63 63 63 72 72 72
56 56 64 64 63 63 63 63 63
63 63 72
72 64 64 64 64 64 64 64
63 63 63 63 63
63 63 63 63 63 63 63 72
64 64 64 64 56
56 56 64 64 64 64 63 63
63 63 63 63 63 63 63
64 64 64 64 72 64 63
63 63 63
63 72 63 63 63 63
63 32 56 56 56 32 56 56
56 56
63 36 36 56 56
56 56 64 63 63 63
63 63
63 63 64 64 63 63
63 63 63 63 56
56 56 56 56 56 56 63 72 72 72
72 72 72 64 64
63 56 56 56 56 63 56 56
56 56 56 56 56 64 56 56
56 63
56 56 56 56 56 56
63 63
64 64 64 64 63 63 63
63 64 56 56 56 56 63 72
72 64 64 64 64 64 63
63 72 72 72 64 64 40
30 30
72 72 72 32 56 64 64
64 64 64 64 64 64 64
64 64 64 64 64 64 63
64 64 64 64 64 64 64 64
64 72 72 72 72 72 72 72
72 64 56 56 56 56 56 56
56 56 64
63 63 63 63 72 72 72 63
63 56 56 56 64 64
63 63 63 42 24 63 63
63 63 63 63 63 63 63
63 56 56 56 63 63
63 63
72 64 63 64 63 63
63 64 64 64 64 64 64 56
56 32 32 8 64 64 64
64 64 56 56 56 63
72 64 64 63 56 56 56 56
28 28 28 28 28 28
28 28 28 15 15 15 6
10 10 10 56 56 56 56
56 56 56 56 56 56
56 56 56 56 56 56
63 64 64 56 56 56 56 56
56 56 56 56 56
56 64 64 64 64 64 56 56
56 56 56 56 56 63
72 72 45 45 45 72 64 64 64 64
64 64 64 64 64 64 64 64
56 56
56 56 56 56 56 56 56
56 56 32
56 56 56 56 56 56 56
56 56 56 56 56 63
63 63 63 63 63 63 72
72 63 72 64
64 64 64 72 72 72 72
72 72 72 72 72 72
72 64 64 56 56 56
56 56 64 64 56
56 56 56 56 56 56 56
32 56 56 56 56 63 72
72 72 72 64 40 40 40
40 40 40 40 45 24 24
24 63 72 72 63 72
64 64 64
64 64 72 72 64 72 72 72
72 72 72 64 72
64 64 63 63 63 63 63 63
63 63
63 64 64 64 64 64 63 63
63 63 63 63
63 63 63 64 64 64 56
56 56 56 64 64 64 64
64 56
56 56 56 64 64 64 64 64 64
64 56 56 56
56 56 64 56 56 56
56 56 56 63 72
72 72 72 72
64 64 64 72 64 72 72
72 72
72 72 72 56 56 56 64 64 72
45 45 72 72 56 56
56 56 56 72 64
64 64 64 64 72 72 64 64
72 63 72
64 64 64 64 64 64 64 56
63 63 63 63
64 64 64 64 64 64 64 64
64 64 63
63 63 64 64 64 64 32
32 56 56 64 64 64 64
64 64 64 63
63 63 63 72 72 64 64 64 64
64 64 64 64 64 64 63
64 64 64 64 64 64 64
64 64 64 64 64 64 64
63 63 64 64 64 56
32 32 64 64 64 64 64
0 0 0 0
