63 63 63 63 56 64 64 63
63 63 63 56 56 63 63 63 63
56 63 56 63 63 63 63
63 63 63 63 63 63 63
63 63 56 56 56 56 63
63 63 0 0 0 0 63 63
63 63 63 63 63 63 63
63 63 63 63 63 63 63
63 63 63 63 63 63 63
63 63 63 63 63 63 63 63 63 63
63 63 63 63 63 63 63
63 63 63 63 63 63 63 63
63 63 63 63 63 63 63 63 63
63 63 63 63 63 63 63
63 63 56 63 63 63 63
56 56 56 63 63 63 63
56 63 63 63 63 63 56 63
63 63 63 63 63 63 63 63
63 63 63 63 56 56 56 56
56 56 63 63 63 56 63
63 63 63 63 63 63 63
63 63 56 63 63 63 63 63
63 63 63 63 63 63
63 63 0 0 0 0 0 0
0 0 0 0 0 0 0
0 63 63 63 63 63 63 63
63 63 63 63 63 63 63 63
63 63 63 63 63 63 63 63 63
0 0 0 63 63 63 63 63 0
0 0 0 0 0 63 63 63 63
63 63 63 63 63 63 63 63 63 63
63 63 63 63 63 63 63
63 63 63 63 63 63 63 63 63
63 63 63 63 63 63 63
63 63 63 63 63 63 63
63 0 0 0 0 63 63 63
63 63 63 63 63 63 63 63
63 63 63 63 63 63 63 63
63 63 63 63 0 0 0 0
0 63 63 63 63 63
63 63 63 63 63 63
63 63 63 63 63 63 63
63 63 63 63 63 63 63
63 63 63 63 63 63 0
0 0 0 0 63 63 63
0 0 0 63 63 63 63
63 63 63 63 63
63 63 63 63 63 63
63 63 63 63 63 63
63 63 63 63 63 63
63 56 63 63 63 63 63
0 0 0 0 0 0
0 0 0 0 0 0
0 0 63 63 63 63
63 63 63 63 63 63 63
63 63 63 63 63 63 63
63 63 63 63 63 63 63 0 0 0
0 0 0 0 0 0 0
0 63 63 63 63 63
63 63 63 63 63 63 63
63 63 63 63 63 63 63
63 63 63 63 63 63
63 63 63 63 63 63 63 63
63 63 63 63 63 63 63 63
63 63 63 63 63 63 63
63 63 56 63 63 56 63 63 63
63 63 63 63 63
63 64 63 63 63 63 63 63 56
56 63 63 63 63 63 63
63 63 63 63 63 63 63 63
63 63 63 63 63 63 63
63 63 63 63 63 63
63 63 63 63 63 63 63 63
63 63 63 63 63 63 63 63 63
63 63 63 63 63 63 63 63
63 63 63 63 63
63 63 56 56 63 63
63 63 63 63 63 63 63 63 63
63 63 63 63 63 63 63
63 63 63 63 63 63 63
63 63 63 63 63 63 63
63 63 63 63 56 63 63 63 56
56 63 63 63 56 63 63 63
63 63 63 63 63 63
63 63 63 63 63 63 63
63 63 63 63
63 63 63 63 63 63 63
63 63 63 56 63 63 63
63 56 63 63 63 63 63 63 56
63 63 63 63 63 63 63 63
63 63 63 63 63 63 63
63 63 63 63 63 63 63 63
63 63 63 63 63 56 63
63 63 63 63 63 63
63 56 63 63 63 63 63 63
63 63 63 63 63 63 63
63 63 63 63 63 63 63
63 63 63 63 63 63 63 63
63 63 0 0 0 0 0 0
0 0 0 0 0 0 0 0
0 0 0 0 0 0
0 0 0 0 0 63
63 63 63 63 63 63 63
63 63 63 63 63 63 63 63 63
63 63 63 63 63 63 63
63 63 63 0 0 63 63 63 63
63 63 63 63 63 0 0
0 0 0 0 0 0
0 0 0 0 0 0 0 0
0 0 0 0 0 0
0 0 0 0 0 0 0 0
0 0 0 0 0 0 0 0 63
63 63 63 63 63 63 63 63
63 63 63 63 63 63 63
63 63 63 63 63 63 63
63 63 63 63 63 0
0 0 0 0 63 63 63 63
63 63 63 63 63 63 64 56 56 56
63 63 63 63 63 63
63 63 63 63 63 63 63
63 63 63 63 63
63 63 63 63 63 63
63 63 63
63 63 63 63 63 63 63
63 63 63 63 63 63 63 63
63 63 63 63 72 72 63
63 63 63 63 63 63 63
56 63 63 63 63 63 63 63 63 63
63 63 63 63 63 63
63 63 72 72 63 63 63 63
63 63 56 63 63 63 63
63 63 63 63 63 63
56 56 63 63 63 63 63 63 63
63 63 63 63 63 63
63 56 56 63 72 63 63
63 63 63 63 63 63 63 63
63 56 63 63 63 63 63
63 63 63 63 63 63 63 63
63 63 63 63 63 63 63
63 63 63 63 63 63 63 63
63 63 63 63 63 63 63
56 63 63 63 63
63 63 63 63 63 0 0
0 0 0 0 0 63 72 63
63 63 63 63 63 63 63
63 63 63 63 63 63 63
63 63 63 63 63 63
63 63 63 63 63 63 63 63
63 63 63 63 63 63
63 63 63 63 63 63 63 63
63 63 63 63 56
63 63 63 63 63 63 63
63 63 63 63 63 63
63 63 56 56 56 49 56 56
63 63 63 63 63
63 63 63 63 63 63 63 63 63
63 63 63 63 63 63 63
63 63 63 63 63 63 63 56
63 63 63 63 63 63
63 63 63 63 63 63 63 63 63
63 63 63 63
63 63 63 63 63 63
63 63 63 63 63 63 63 63
63 63 63 63 63 63 63 63 63
63 63 63 63 63 63
63 63 63 63 63 63 63
63 63 63 63 63 63
63 63 63 63 63 63 63
63 63 63 63 63 63 63 63
63 63 63 63 63 63 63 63
63 63 63 63 63 63 63
63 63 63 63 63 63 63 63 63
63 63 63 63 63 63 63 63
63 63 63 63 63 63 63
63 63 63 63 63 63 63
63 63 63 63 63 63 63 63
72 63 63 63 63 63 63 63
63 63 63 63 63 63 63
63 63 63 63 63 63 63 63
63 63 63 63 63 63 63 63
63 63 63 63 63 63 63 63 63
63 63 63 63 63 63 63
63 63 63 63 63 63 63
63 63 63 63 63 63 63
63 63 63 63 63 63 63
63 63 63 63 63 63 63
63 63 63 63 56 63 63 63 63
63 63 63 72 72 63
63 63
63 63 63 63 63 63
63 63 63 63 63 63 63 63
63 63 63 63 63 63 63
63 63 63 63 63 63 63
63 63 63 63 63 63
63 63 63 63 63 63 63
63 63 63 63 63 63 63 63
