63 63 42 63 63 63 63
63 63 63 63
63 36 36 36 63 63 63 63 63
63 63 63 63 63 63 63 63
63 63 63 63 56 56 56 63 63
63 63 63 63 63 63
63 63 63 63 63 63 63 72 72
63 63 63 63 63 63 63
63 63 63 56 56 56
63 63 63 42 42 42 42
42 42 42 42 42 42 42 42 63
63 63 63 63 63 63 63 63
63 63 63 63 63 56 64
64 56 63 63 63 63 63 63 63
63 63 63 63 72 72
72 72 63 63 63 63
63 63 63 63 63 63
63 56 56 56 49 49 49 49
63 63 63 49 56 49 49 56 56
63 63 63 63 63
63 63 63 63 63 63 63 63
63 63 72 72 72 63
63 63 63 63
63 63 63 63 63 63
63 63 63 63 63
63 63 63 63 63 63 63
63 63 63 63 63 63 63 63
63 63 63 63 63 63 63
63 63
63 63 63 63 63 63 63 63
63 63
63 63 63 63 63 63 63 72 63 63
63 63 63 63 63 63
63 63 72 72 72 72
72 64 64 64 63
63 63 63 63 63 63
63 72 72 63 63 63
63 63 63 72 72 63
63 72 72 72 63 63 63
72 72 72 72 72 72 63
63 63 63 63 63 72 72
72 63 63 63 63 63 63
63 63 63 63 63 63 63 63
63 72 72 63 72 72 72 64
72 72 72 72 63 63 63
63 63 63 63 63 63 63 63
63 63 63 63 63 63 63 63 63
63 63 63
63 63 63 63 63 63
63 63 63 72 63 63 63 63 63
63 63
63 63 63 63
63 63 63 63 63 63
63 63 63 63 63 63
63 63 63 63 63 63 63
63 63 63 63 63
63 63 63 63 63 63
63 63 63 72 63 63 63
63 63 63 63 63
63 63 63 63 63 63
63 63 63 63 63 63 63 63
63 63 63 63 63 63 63
36 36 36 36 36 63
63 63 63 63 63 72 63 63
63 63 63 63 63 63 63 63
63 63 63 63 63 63 63
63 63 63 63 63 63
63 63 63 63 63 63
63 63 63 63 63 63 72
72 63 63
36 36 36 36 63 63 63 63 63
63 63 64 64 63 56 56 56 56
49 49 56 56 56 56 56 56
56 56 56 56 56 32 32 32
32 32 32 56 32 56 56 49
49 49 49 49 56 49 49
56 63 63 63 63 63 63
63 63 63 63 63
63 63 63 63 63 63 63 63
63 63
81 81 81 63
63 63 63 63 63 63 63 63
63 63 63 63 63 63 63 63
63 63 63 63 63 63
63 63 63 63 63 63 63
63 63 63 63
63 63 63 63 63 63 72
72 63 63 63 63 63
63 63 63 63 63 56 56
56 56 56 63 63 63 63 63
63 63 63 63 63 63 63 63
63 63 56 56 56 56 56 56
56 63 63 63 63 63 63
63 63 63 63 63 63 63 63 63
63 63 63 63 63 63 63
63 63 63 49 56 63
63 63 63 63 63 63 63 63
63 63 63 63 63 63 63
42 42 63 63 63 63 63 63
63 63 63 63 63 63 63 63 63
63 63 63 63 63 63 63
63 63 63 63 63 63 63 63 63
63 63 63 63 63
63 63 63 63 63 63 63 63
36 63 63 63 63 63 63
63 63 63 63 63 63 63 63
63 63 63 63 63 63 63
63 63 63 63 63 63 63
63 63 63 63 36 63 63 63
63 63 63 63 36 36
36 36 36 63 36 36 36 9 9 9
9 9 9 9 36 36
63 63 63 63 63 63 63
63 63 63 63 63 63 63
63 63 63 63 63
63 63 42 42 63 63 42 42
63 63 63 63 63 63 63 63
63 63 63 63 63 63
63 63 63 63 63 63 36
63 63 63 63 63 63 63 63
63 63 63 63 63 63
63 63 36 36 63 63 63
63 63 63 63 63 63 63 63
63 63 36 63 63 63 63
63 63 63 63 63 63
63 63 63 63 63 63 64 72
72 72 72 72 72 63 63
63 63 63 63 63 63 63 63
63 63 63 63 63 63 63 56
56 63 63 63 63 63 63
63 63 63 63 63 63
63 63 63 63 63 63 63 63
63 63 63 63 63 63 63 63
72 63 63 63 63 63 63 63
63 63 63 63 63 63 63
63 63 63 63 63 63 63 63
63 63 63 63 63 63
63 63 63 63 63 63 63 63
63 63 63 63 56 56
56 63 63 63 36 63 63
63 63 63 63 63 56 63
63 63 63 63 63 63 63
63 63 63 63 36 63
63 63 63 63 63 36 63
63 63 36 36 36 63 63
63 63
63 56 63 63 63 63 63 63 63
63 63 63 56 56 63
63 63 63 63 63 63 63 63 63
63 63 63 63 63 63
63 63 63 63 63 63
63 72 63 63 63 63 63
63 63 63 81 63 63 63 63
63 63 63 63 63 63 63
63 63 63 63 63 63 63 63 63
63 63 63 63 63 63 63 63
63 24 63 63 63 63
63 63 63 63 63 63 63 63 63
63 63 63 63 63 63 63 63 63
63 63 63 63 63 56
56 56 56 63 63 63 63 63
63 63 63 63 63 63
63 63 63 63 63 63 63 63
63 63 63 63 63 63
63 63 63 63 63 63
63 63 63 63 63
63 36 36 63 36 9 9 36
63 36 36 36 36 9 9
9 63 63 63 63 63
63 63 63 63 63 63 63
63 63 36 36 36 36 36
36 9 36 36 63 63 63
63 63 63 63 63 63 63 63
63 63 63 63 63 63 63 63
63 63 63 63 63 63 63 63
63 63 63 63 63 63 63 63 63
63 63 63 63 63 63 63 63
63 63 63 63 63 63 63 63 63
63 63 63 63 63 63
63 63 63 63 63 63
63 63 63 63 63 63 63
63 63 63 63 63 63 63 63
63 63 63 63 63 63 63
63 63 63 63 63 63 63 63
63 63 63 63 63 63 63
63 63 63 63 63 63
63 63 63
63 63 63
63 63 42 42 42 63 63 63 63 63
63 63 63 63 63 63 63 63 63
63 63 63 63 63 63 63
63 63 63 63 63 63
63 63 63 63 63 63 63 63 63
63 63 63 63 63 63 63 63
63 63 63 63 63 63 63 63
63 63 63 63 63 63 63 63
63 63 63 63 63 63 63
63 63 63 63 63 63 63
63 63 63 63 42 63
63 63 63 63 63 63 63
63 63 63 63 63 63 63
63 63 63 63 63 63 63
63 63 63 63 63 63 63
63 63 63 63 63 63
63 63 63 63 63 56 63 63
63 63 63
63 63 63 63 63 63 63
63 63 63 63 63 63 63 63 63 63
63 63 63 63 63 63 63 63
63 63 63 42 63 63 63
63 63 63 63 63
63 63 63 63 63
63 63 63 63 63 63 63
63 63 63
63 63 63 63 63 63
56 56 56 56 63 63 63 63
63 63 63 63 63 63
63 63 63 63 63 63
63 63 63 63 63 63 63
63 63 63 63 56
56 56 63 56 56 56
56 56 56 56 63 63
63 56 56 63 63 63
63 63 63 63 63 63 63
63 63 63 63 63
63 63 63 63 63 63 63
63 63 63 63 63 63 63 63
63 63 63 63 63 63 63 63
63 63
63 63 63 63 63 63 63 63 63
63 63 63 63 63 63 63
63 63 63 63 63 63 63 63
63 63 63 63 63
63 63 63 63 63 63 63
63 63 63 63 63 63 63 63
63 63 63 56 56 63
63 63 63 63 63 63 63
56 56 56 56 56 56
56 56 56 63 63 63 63 63 63
63 63 63 63 63 63 56 56
56 56 56 56 56 56 56
56 56 63
63 63 63 63 63 63 63
63 63 63 63 63
63 63 63 63 63 63 63 63
63 63 63 63 63 63
63 63 63 63 63 63 63 63
63 63 63 63 63 63 63 63
63 63 63 63 63 63 63 63
63 63 63 63 63 63 63 63
63 63 63 63 63 63 63
63 63 63 63 63 63
63 63 63 63 63 63 63
63 63 63 63 63
63 63 63 63 63 63 63
63 63 63 63 63 63 63
63 63 63 63 63 63 63
63 63 63 63 63 63 63
63 63 63
56 56 56 56 56 56
56 56 56 56 56 63 63
63 63 63 63 63 63 63
63 63 63 63 63 63
63 63 63 63 63 63 63 63
63 63 63 63 63 63 63
63 63 63 63 63 63
63 63 63 63 63 63 63 63
63 63 63 63
63 63 63 63 63 63
63 63 42
63 63 63 63 63 63 63
63 63 63 63 63 63 63 63
63 63 63
63 63 63 63 63 63
63 63 63 63 63 63
56 56 56 63 63 63 63
63 63 63 63
63 63 63 63 63 63 63
63 63 63 63 63 63 63
63 63 63 63 63
63 63 63 63 63 63 63 63
63 63 63
63 63 63 42 42 63 63 63
63 63 63 63 63 63 63 63
63 63 63 63 63 63 63
63 63 63 63 63 56 63 63
63 63
63 63 63 63
63 63 63 63 63 63 63 63
63 63 63 63 63 63 63
63 63 63 63 63
63 63 63 63 63 63
63 63 63 63 63 63 63 63
63 63 63
63 63 63 63 63 63 63 63 63
63 63 63 63 63 63 63
63 63 63 63 63 63 63
63 63 63 63 63 63
63 63 63 56 56 56 56
63 63 63 63 63
63 63 63 63 63 63 63
63 63 63 63 63 63 63
63 63 63 63 63 63 63 63
63 63 63 63 63 63 63 63
63 63 63 63 63 42 63 63 63
63 63 63 63 63 63 63
63 63 63 63 63 63 63
63 63 63 63 63 63
63 63 63 63 63 63 63
63 63 63 63 0 0
