63 63 63 63 63 63 64 64 64
64 64 64 64 64 0
0 0 0 56 64 64 64 64
64 64 64
64 64 64 63 63 63 63 64 64
64 64 25 72 56
56 64 64 0
63 63 63 64 64 64 64
64 64 64 64 64 64 64
40 40 40 64
64 64 64 64 64 64 64 64
64 64
64 64 64 64 64 64 64 56 64 64
64 64 64 64 56 56 64
64 64 64 64 64 64 56 56
56 32 32 40 64 64 64 64
64 64 64 64
64 64 64 64 63
63 64
64 64 64 64 64 64 64 64 64
64 64 63 63 63 63
64 64
64 63 24 24 24 64 64 64 64 64
64 64 64 64 64 64 64
64 64 64
63 63 63 63 63 63 64 64
64 64 64 64 64 64 64
56 63 36 36 72
64 64 64 40 40 64
56 64 64 64 64
64 0
64 63 63 64 64 63 63 63
36 36 63 63 63 36 32 64
64 64 64 56 32 32 32 32 32
32 64
64 64 64 64 64 64 64
64 72 63 63 63
63 63 63 72 72 72 72
64 64 64 64
64 56 64 64 64 64 64 64 64
64 64 64 64 64 64 64
64 64
63 63 63 63 63 63 63 64 64
64 64 64
64 64 64 63 63 63 63
63 63 64
64 64 64 64 63 63 63 24
36 63 64 64 64 64 64
64 64 64 64 64 64 64 64
63 63 63 63 63 63 63
64 64 64 64 64
64 64 64 64 64 64
64 64 72 48
24 24 24 48 72 64 64 64
64 63 63 63
56 56 56 56 63 63
64 64 64 64 64
64 32 32 56 72 64 64 64
64 64 64 64 64
56 56 35 64 64 64 64 48
24 24 24 24 24 48 64 64 64
64 64 64
32 36 36 45 25 64 64 64 64
64 64 64 64 64 64
24 56 56 56 56 56 56
64 64 64 64 56 64 63 63 63
63 63 63 64 64 64 64
64 64
40 45 45 45 64 32 32
32 32 64 64
25 24 64 64 56 64 64 56
64 64 63 63 63 63
63 63 63 63 63 56 56 56
64 64 64 64 56
32 56 63 63 63 64 64 63
63 56 56 63
63 64 64 64 72 72 72 72
45 45 64 56 56 56 64
56 63 63 64 64
64 64 63 63 63 36 36 64
64 64
64 56 56 56 56 56 56 64 64
56 56 56 32 32 32 56
63 56 63 56 63 36 63
63 63
63 63 56 63 63 64
32 32 32 40 40 64 64 36 32 8
9 9 9 9 9 64
64 64 64 64 40 40 40
64 64 64 64 48 40 40 40 40 45 40
32 64 64 64 64 64 63 63 56
64 64 64 32 36 32 32
32 32 32
32 36 63 45 45 64 64 24
42 42 42 63 63 63 64 64
64 64
56 56 32 32 32 64 64
64 64 64 64
64 64 64 64 63 63
32 63 63 36 36 36 36
36 36 72 64 64 64 64 64 64
64 64 64 64 64 63 63
56 63 63 63
36 36 36 36 45 64
64 64 64 64
64 64 64 64 40 64 25
25 63 63 63 64
64 63 64 64 64 64 64 64
64 64 64
64 64 48 48 40 64 64
64 64 64 64 64 56 56 40
40 64 40 40 40 64
64 64 64 64
64 64 64 64 64 64 64 64 64
64 64 64 40 25
25 25 25 64 64 64 40 40
64 64
64 64 64 64 64 64
63 63 63 63
63 24 24 25 64 64 36 32 32
32 32 32 32
32 32 32 63 63 56 35 35
20 35 35 40 40 64 64 64
64 64 56
56 56 56 56 56 40
64 56 56 56
20 20 20 20 20 20 36
20 56 63 35 42 42 42
42 35 35 64 64 64 64
45 63 63 45 40 64 64 64
64 64 64
64 40 32 32 56 56 24 24 63
63 64 63 63 63 63 63
36 72 64 64 64 72
63 64
64 64 64 64 64 64 64
64 64 64 64 63 63 63
63 63 24
63 36 42 63 63 56 56 56 64
64 64 64
64 56 56 56 32 36 56
56 56 56 56
63 72 64 32 20 56 56
63 63 63 63 63 36 36 63
63 63 64 64 24
24 24 24 72 63 63 72
36 36 36 63
72 64 72 64 64 40 64
64 64 24 36 36 36 63 63 63
64 64 63 63 63 63 63 56 63
56 56 56 56 56 64 63 63 63 63
63 63 63 63 63 63 63
63 63 64
64 63 63 63 63 63 63 63
24 24 64 64 64 64 64 64
32 32 32 32 64 64 64 64
40 40 40
40 40 40 40 40 64 64 64
64 64 64 36 36
56 56 56 32 56 56
64 63 56 56 63 56 56
56 56 56
56 32 32 32 32 64 64 36
45 36 36 36 63 63 63 56
56 56 56 56 56 32
36 40 25 40 56 40 40 64
64 64 40 40 64 64
64 56 56 56 64 64 64 64
64 25
40 72 35 56 72 72 56 72
72 72 72 63
63 64 64 64 63
63 56 63 63 63 63 64 64
64 64 64 64 63 63 63 63
63 36
63 63 72 72 72 72 72 72
45 45
36 36 63 63 63 63 72
72 72
72 72 72 63 63 63 63
63 63 63 72 72 72 64
72 72 72 72 48
72 63 63 72 40 72
72 72 64 64 72 48 42 63
63 63 63 63 63 56 56 64
64 64 63
63 63 72 36 32 32 32
32 32 32 64 64
63 63 72 72 72 72 30
72 64 64 64 72
64 63 63 63 63 63 36 32
56 56
64 64 64 64 32 32 56 56
32 64 64
63 63 63 64 56 56 64 64
64 64 64 64 64
64 64 64 64 24 56 56 64
63 63 63 63 63 63 63 64
64 64 64 64 64 64
64 64 64
36 36 36 36 36 36 36
36 36 36 36 36 63 63 63
56 56 56 56 56 32 63 63
63 63 63 63 63 63 56
64 63 63 36 63 63 63
63 36 36 36 36 36 63 63 63 63
56 56 56 36
63 63 63 63 56 56 56 36 56
56 56 36 63 63 63 63
63 63 63 63 64 64 32
56 56 32 56 56 56
56 36 36 36 36 56 56 63
36 36 63 64 64 64 64
64 56 32 32 32 32 32 64 64
36 36 36 72 72 72 72 72
72 72 72
40 25 25 64 64 64 25 56
56 56 42 63 63 63
63 64 64 64 64 64 72 56
56 64 64
64 56 63 63 64
56 56 56 56 56 56
56 63 63 72 72 63 63 63 63
63 63
63 63 63 63 63 63 64 64
64 64 64 56
56 56 56 56 56 36 36 63 64
63 24 56 63 63 56 63 56
56 36
36 72 64 64
64 64 64 64
64 64 64 64 64 64 64 64
72 64 56 64 64 63 63 63
63 63 63
64 72 25 64 64 64 63
63 63 63 63 63 63
64 64 24 24 24 36 36 40
64 64 64 64 64 40 40 40 40 40
40 64 64 64 64 64 64 64 40
40 40
40 56 56 64 40 64 64 64 64
64 64 64 64 64 64 40 24 24
24 63 63 63 63 63 63 63 63
63 63 63
42 42 64 64 64 64 63 63
63 56 64 64 64 64 64 64 64 64
64 36 63 63 63 63 64 64
45 64 64 64 64 64 64 64 64
64 64 64 64 64 64 72 45
20 20 20 20
25 64 64 64 64 64 64 64
40 40 24 63 63 63 63 36
45 64 64 64 64 64 63
63 63 63
36 63 63 63 63 63 64 64
64 56 56 56 36 72 56 56 56
56 32 45 72 36 32 56 56 56
56 36
32 56 56 56 56 64 64 64 72
63 56 56 56 56 63 63 63 32
32 36
64 64 64 64 64 63 63
63 63 63 63 42
42 56 56 63 63 63 56 32 32
8 32 9 8 32 36 36
36 36 63 35
42 64 63 72 63 63
56 56 64 64 64 64 64
64 64 64 64 64 64 64 64
64 64 64 64 64
64 64 64 64 64 64 63 63 63 63
56 64 72 72 72 64 64 64 64
64 64 64 64 64 64 64
64 64 64 64 63 63 64 64
64 56 56 64 72
35 64 64 64 64 32 32
32 32 32 36 36 36 63
63 64 64 64 64 64 64 64
64 63 63 63 72
72 64 64 24 24 36
36 36
63 63 63 36 36 30 30 48
30 24 24 72 72 72 64 64 64
64 64 64 36 36 36 36 36
9 9 9 9 9 36 36
48 48 48 24 24 24 24 48
42 24
24 24 24 24 24 36 36 36
32 32 32 32 40
56 56 32 63 63 64 64 64
48 48 48 48 48 48 48
48 48 72 72 72 72
48 30
30 24 24 64 64 64 45 40 64
64 64 64
64 64 64 64 63 63 42 42 42 35
42 63 36 9 9 9 9
36 36 9 9 9 9 9 9 9
9 9 36 64 64
25 63 63 63 64 64 64 63
56 56 64 64 64 64 64 64 64 64
64 64 64 24
24 36 63 36 36 63 36 36 36 64 64
64 64 64 63 63 63 63 63 63
64 64 64 64 64
40 64 64 32 45 45 63 64
24 24 36 63
63 63 63 63 64 64
64 40
40 64 64 40 63 63 63
63 64 64 64 64 64
64 64 56 63
63 63 63 63 63 63 63 63
56 56 64 56
56 56 56 56 56 56 64 64
64 64 32 32 32 63
63 56 56 56 64 63 63
63 63 63 63 63 36 56
56 64 64 64 63 40 63 63
63 63
63 64 64 64 56 56 56
56 56 56 32 32 32 32 32
32 56 56 64 64 64 64
64 63 63 72 72 72 72 64 64
64 63 63 63 63 63 63 36
45 45 63 63 36 63 36
64 64 64
64 64 64 64 64 64 64 64
64 56 56 56 56
64 64 64 64 64 40 40 40 40
40 40
64 64 64 64 64 64 64 40 40
40 64
64 64 64 64 64 56 56 56 56 56
56 64 64 64 64 64
64 64 64
64 64 64 64 64 64 32 32 32
32 32
40 40 40 40 40 40 64 64 56
56 56 56 56 56 56 56 56
56 56 56 64 64 64 64 64
64 64 64
56 56 56 63 63 56 56 63
72 72 63 72 63 63 63 63
63 63 63 63 63 63 63
64 64 64 64 56 56 63 63
64 63
63 63 36 36 45 64 64 64 63 24
36 64 64 64 64 64 64
64 64 64 64 56 56 63
64 63 63 64 64 64 72 36
63 63 63 64 64 64
64 64 64 56
63 56 63 56 56 56 56 56
63 63 63 63 63 32
40 40 64 64 64 64
25 35 35 35 63 36 36 36
36 36 36 64 64 64 64
64 64 64 64 56 56 64
63 63 63 63 63 63 63 63
56 64 64 64 64 56 63 63 36 64
64 64 64 64 64
56 56 56 56 64 64 64
64 64 63 63
64 64 64 64 64 40 64
64 64 64 64 64
64 64 64 64 64 64 56 56
56 56 56 56 56 56 63
63 56 56 56 64
64 64 56 56 56 56 72 72 72
72 64 64 64 64 64 56 63
56 64 40 64 72 24 63 63
64 64 64 56 56 56 56
20 20 20 63
64 63 63 64 64 56 63 63 63
63 64 64 64 64 64 64 63
63 63 63 64 64
64 64 64 64 64 45
40 64 64 64 64 56 56 56
56 56 56
56 63 64 64 64 64 64
56 56 56 56 56
56 56 56 56
56 56 64 42 42 63 63 63
63 63 63 63
42 42 63 63 72 64 63
63 64 64 64 64 64 64
64 64
64 40 64 64 64 56 32
56 56 56 36 32
32 32 32 32 72 72 72
72 63 63 63 63 72 72 72 63
63 63 63 72 72 48
72 72 72 72 72 48 48
72 72 72 72 72 40 40
64 64 64 64 64 64
64 64 64 64 48 64 64
64 64 64
64 64 64 64 64 64 64 72
48 48 48 72 64 64 48
48 48 72 72 48 20
20 56 56 64 64
45 64 56 56 56 56 56 63
63 64 64 64 56 56
56 56 56 24 24
40 64 64 64 40 64
64 64 64 64 64 64 24
36 36 24 24 36 36 36
36 63 64 64
56 56 56 56 56 64
32 63
63 64 64 32 24 24
36 9 9 36 63 56 32
32 32 32 32 63 63 36 36
32 36 36 36 32 32 36 64
40 64
64 64 64 64 64 64 64 64
64 64 64 64 64 64 64
32 32 36 36 24
64 64 64
64 64 64 36 25 25 64
64 64 64 64 64 64 40 40
56 64 64 64 64 40 64 64
64 64 64 64 56 56
56 32 36 56 56 56 32 32 32
36 63 72 64 64 64 64 64 64
63 32 64 64 64 64 64 64 64 64
63 63 63 63 63 63 63 63
63 63 63 63 36 36 45 45 45
64 64 64 64 64 64 64
64 64
64 64 63 63 63 63 63 64 64 64
64 64 64
64 64 64 64 64 64 64 64
64 64 63 63 63 63 63
63 40 40 64 64 45 64 64
64 64 63 63 63 36 36 36 36
64 64 64 64 64 64 64
64 64 64 40
56 56 63 63 63 63 63
63 63 63 63 0 0 0
