63 63 63 63 63 63 63 63
63 63
63 63 63 63 63 63 63
63 63 63 63 63 63 63
63 63 63 63 63
63 63 63 63 63 63 63 63
63 63 63 63 63 63 63 63
63 63 63
63 63 63 63 63 63 63 63 63 63 63
63 63 63 63 63 63 63
63 63 63 63 63 63 63 63 63 63
63 63 63 63 63 63 63 63 63
63 63 63
63 63 63 63 63 63 63 63 63
63 63 63
63 63 63 63 63 63
63 63 63 63 63 63 63
63 63 63 63
63 63 63 63 63 63 63 63 63
63 63 63 63
63 63 63 63 63 63 63 63
63 63 63
63 63 63 63 63 63 63
63 63 63
63 63 63 63 63 63 63 63
63 63 63 63 63 63 63 63
63 63 63 63 63 63 63 63 63
63 63 63 63 63 63 56
56 56 63 56 63 63 63 63
63 63 63 63 63 63 63
63 63
63 63 63 63 63 63
63 63 63 63 63 63
63 63 63 63 63
63 63 63 63 63 63 63 63 63
63 63 63 72 72 72 72 72 63
63 63 63 63 63 63 63
63 63 63 63 63 63 63
63 63 63 63 63
63 63 63 63 63 63 63
63 63 63 63
63 63 63 63 63 63 63 63
63 63 63 63 63 63 63 63 63
63 63 63 63 63 63 63
63 63 63 63 63 63 63
63 63 63 63 63 63 63 63
63 63 63 63 63 63 63 63 63
63 63
63 63 63 63 63 63 63 63 63 63
63 63 63 63 63 63 63
63 63 63 63 63 63 63 63 63
63 63 63 63 63 63
72 72 63 63 63 72 63
72 63 63 63 63
63 63 63 63 63 63 63
63 63 63 63 63 63
63 63 63 63 63 63
63 63 63
63 63 63 63 63 63 63
63 63 63 63 63 63 63
63 63 63 63 63 63 63 63
63 63 63 63 63 63
63 63 63 63 63 63 63
63 63 63 63 63 63 63 63
63 63 63 63 63 63 63 63
63 63 63 63 63 63 63
63 63 63 63 63 63 63
63 63 63 63 63 63 63
63 63 36 63 63 63
36 36 36 63 63 63 63
63 63 63 63 63 63 63
63 63
63 63 63 63 63 63 63 63 63
63 72 63 63 63 63 63 63
63 63 63 63 63 63 63 63
63 63 63 63 72 63
63 63 63 63 63 63 63
63 63 63 72 72 63
63 63 63 63 63 63 63
63 63
63 63 63 63 63 63 63 63
63 63 63 63 63 63 63 63
63 63 63
63 63 63 63 63 63 63 63
63 63
63 63 63 63 63 63 63
63 63 63
63 63 63 63 63 63 63
63 63 63 63 63 63 63 63
63 63
63 63 63 63 63 63 63
63 63 63 63 63 63 63 63 63
63 63 63 63 63 63 63 63
63 63 63 63 63 63 63 63 63
63 63 63 63
63 63 63 63 63 63
63 63 63
63 63 63 63 63 63
63 63 63 63 63
56 56 56 63 63 63 63
63 63 63 63 63 72 63
63 72 72 72 63 72
63 63 63 63 63 63
63 63 63 63 63 63 63
63 63 63
63 72 72 63 63 63 63
63 63 63 56 63 63 63 63 63
56 63 63 63 36 63
63 63 63
63 63 63 63 63 63 63
63 63 63 63 63 63
63 63 63 63 63 63 63
63 63 63 63 63 63 63
63 63 63 63 63 63
63 63 63 63 63 63
63 63 63 63 63 63 63 63
63 63 63 63 63
63 63 63 63 63 63 63
63 63 63 63 63
63 63 63 63 63 63 63 63
63 63 63 63 63 63
63 63 63
63 63 63 63 63 63
63 63 63 63 63 63 63 63
63 63 63 63 63 63 63
63 63
63 63 63 63 63 63 63 63 63
63 63 63 63 63 63 63 63 63 63
63 63 63 63 63 63 63 63
63 63 63 63 63
72 72 72 63 63 63 63 63
63 63 63 72 63 63 63 63
63 63 63 63 63 63 63
63 63 63 63 63
63 63 63 63 63 63
63 63 63 36 63 63 63
63 63 63 63 63 63 63 42
24 24 42 24
54 81 72 72 81 81 81 72 72
63 63 63 63 63 63
63 63 63 72 63 63 63 63 63
63 63 63 63 63
63 63 63 63 63 63 63
63 63 63 63 63
63 63 63 63 63 63 63
63 63 63 63 63
72 63 63 63 63 63
63 63 63 63 63 63
63 63 63 63 63 63 63 63 63
63 63
63 63 63 63 63 63 63 63
63 63 63 63 63 63 63 63
63 63 63 63 63 63
63 63 63 63 72 63 63
63 63 63 63 63 63 63 63 63
63 63
63 63 63 63 63 63 63
63 63 63 63 63 63 63
63 63 63 63 63 63 63
63 63 63 63 63 63 63
63 63 63 63 63 63 63 63 63
0 0
