63 63 63 63 63 63 63 63 63
63 63 63 63 63 56 56 56
56 56 32 32 32 32
36 72 72 72 72 72 72 63 63
64 64 64 64 64 64 64 64
56 36 36 45 45 72 63
63 72 63 63 63
63 64 64 64 64 64 64
72 72 63 72
0 0 63 63 64 64 64
64 64 64 64 64 40 40
40 40 56 64 64 56 56 56
64 64 64 64 64 64 64
64 64 64 64 64 63 63 63 64
64 56 56 64 64 64 64 72
72 72 72 72 72 72 72
72 72 72 72 72 72 63 63
63 63 63 63 63
64 64 64 64 63 63
63 63 63 63 63 63 63 64
64 64 64 63 63 63 63 63
56 56 56 63 63 63 63 63 63 63
63 63 63 56 56 56 64
64 64 64 64 56 63 63 63
63 56 56 63 63 63 63
63 63 63 63 64
64 64 64 63 63 63 64
64 63 63 63 63 63 63
63 63 64 32 32 64
64 64 64 64 64 63 63
63 72 72 72 72 72 72 72
63 63 63 63 63 63 63
63 63 63 63 56 56 56 63
25 63 56 56 56 56 56
56 63 56 63 63 63
63 63 36 32 36 36 36 36
63 63 45 36 36 36
36 72 63 36 36 36
36 36 36 36 36 63 63 63
63 63 63 63 56 56
56 56 56 56 56 56 56 32
32 56 56 56 56 63 64
64 56 56 56 63 63 63
63 72 72 64 56 56 56 56
0 0 0 0 0
0 0 0 0 0 0 0 0
0 0 0 0 0 0 0 0
0 0 0 0 0
0 0 63 72 72 56 56 56
56 56 63 63 63 63 64 64
64 64 56 56 56 56 56 56 56
56 63 72 72 72 72 72 72 72
63 63 63 63 63
64 64 64 64 64 64
64 64 63 63 63 56
56 56 56 64 64 72
72 72 72 72 72 72 72 72
72 64 64 64 72 63
63 63 63 63 63 63 63 63
63 63 63 63 63 63 63
72 64 64 64 64 64 64
56 56 56 63 63 63 63 64
64 63 63 63 63 63 63 63
24 24 24 63 45 72 72 72
63 63 63 56 56 56 56 63 63
63 63 63 63 63 63 63
63 32 32 20 16
16 16 16 16 16 20 64 63 63
63 63 63 63 63 63 63 63 63
63 36 36 36 0 0 0
0 0 0 0 0 0
0 0 0 56 56 72 72 72
72 72 72 72 72 72 63 63
63 63 63 63 63 72 64 64
64 72 72 72 72 63 63 63 72
64 64 64 64 64 64 64
64 64 72 72 72 72 72
63 56 63 63 63 63
63 3 3 3 6 6 6
3 3 3 3 3 3 3 24
24 24 6 6 18 18 18 36 36
64 64 24 63 63 63 63 63
63 63 63 63
63 36 36 36 36 9 9
9 9 9 9 25 25 25 25 25
25 25 30 25 20 25 25 9
36 72 64 64 64 64 63
63 63 36 36 36 63 63 63
63 36 36 36 56 56 56
56 35 25 64 64 63 63
63 63 63 63
72 72 72 72 63 56 56 56 56 56
63 36 63 63 36 9
9 9 9 9 9 9 9
9 9 9 9 36 36 36 36 36
36 36 36 63 64 64
63 63 63 63 63 63 72
63 63 32 32 32 64 64
64 72 72 63 36 63 63
64 64 64 64
64 63 56 56 63 63 63
63 63 63 8 8 8 36 63 63 63
63 63 63 72 72 72 72 72
72 72 72 72 72 63
63 63 64 64 64 63 45
40 64 64 64 64 56
63 63 63 72 56 63 0
0 0 0 0 0 0 0
0 0 0 0 0 0 0 0 0
0 0 0 0 0 0
0 0 64 64 64 64 56 56
56 63 63 63 63 63 63 63
63 72 64 64 64 56 64 56
56 72 72 72 64 64 64 64
64 72 63 63 56 56
72 63 56 56 56 63 56
56 56 64 56 56 56 56 56
56 56 64 64 64 56 56
56 56 64 64 64 64 64 64 64
48 48 48 48 48 48 48
48 48 48 48 48 48 48 48
48 48 48 72 72 63 63
72 72 72 64 64
64 64 64 56 56 56
63 63 64 64 64 64 64 64
56 56 0 0 0 0 0
0 0 0 0 0 0 0 0
0 0 0
0 0 0 0 0 0 0 64
64 64 64 64 64 64 64 64
64 63 63 63 63 63 63 64 64
64 64 64 64 64 64 64
56 56 64 64 56 56 63 63
63 63 63 64 64 64 64
64 64 64 64 63 63
63 63 63 56 56 56 56
56 63 63 63 63 6
6 6 6 36 36
36 36 9 9 9 63 63 63
63 63 63 63 63 63
63 63 63 56 64 64
64 45 72 64 64 72 63
63 63 63 64 63 63 63
63 63 63 63 63 63 63
63 63 64 64 64 72 72 72 64
64 64 64 24 24
63 63 63 56 72 72 72
72 72 72 72 72 72 56
56 56 56 56 56 63
63 64 64 64 64
64 64 63 63 63
63 63 64 64 64 64 63 63
63 63 63 63 63 63 63 63
63 63 63 56 56 64
64 64 64 64 64 56
36 63 63 63 63 63 63 63
63 63 63 63 56 63 32
32 32 32 32 32 36 64
64 64 63 63 63 63 63 63
64 63 63 63 63 63 63 63
63 63 63 63 63 64 64 64
64 63 63 63 63 63 63
63 63 63 63 63 56
56 56 56 56 64 64 64
64 63 36 36 36 36
36 36 36 36 36 72 63
63 72 72 72 72 72 72
72 72 72 45 64 64 64 64 64
64 64 64 56
56 63 63 63 63 56
56 56 56 56 56 63 72 72
72 72 64 64 64 64 72 72
72 72 64 64 56 56
63 63 63 63 56 56 56 56
63 63 72 72 72 63 63 72
64 64 64 64 64 64
64 56 63 56 64 64
64 63 63 64 64 64 64 64
10 10 10 10 10 0 0 0 0
0 0 25 0 4 4 0 25
25 64 64 64 64 64 64 64 64
64 64 64 64 64 64 64 64
64 64 64 64 64 64 64
64 64 64 72 64 64 64
63 63 63 63 63 63 63
64 64 64 64 72 72
72 72 72 72 64 64 63
63 63 63 63 63 64 64
64 64 64 64 64 64 64 64 64
56 56 64 72 72
72 72 72 63 63 63 63 63
63 63 63 63 63 63 63 63
63 63 63 72 72 72 72
72 72 72 72 72 72
72 72 72 63 63 63
63 63 63 63 63
63 63 56 56 64 64 64
64 64 64 56 56 56
56 56 56 36 36 36 36
36 36 36 36 9 9 9 9 9
36 72 72 72 72 72
72 72 72 72 72 72 72
63 63 63 63 63 63 63
63 63 63 63 63 63 63
63 64 64 64 63 72 72
72 64 56 56 64 64 56
63 63 63 63 63 63 63 63
63 63 63 63 63 63
63 64 72 72 64 64 72 72 72
64 0 0 0 0 0
0 0 0 0 0 0 0 0 0
0 0 0 0 0 0
0 0 0 0 36 36 63 63
63 63 63 63 63
64 64 64 64
64 72 72 72 72 72 72
72 56 56
56 56 56 56 56
56 72 72 56 56 56 56 56
56 72 72 72 72 72 72 72 63
63 63 63 63 72 64 64
32 56 56 32 32 56 56 56
56 64 72 72 72 72 72
72 72 72 72 72 72 72
36 36 36 36 36 36 36 36 36
63 72 72 72 72 72
63 63 63 63 64 64
64 63 72 72 72 72
72 64 64 64 72 72 72 72
63 63 63 63 72 64
64 64 64 63 63 63 63 63
63 63 35 35 35 35 35
35 35 35 35 63 64 63
64 64 64 64 64 72 72 72 72
72 72 72 72 72 72 48 48 48
72 72 64 64 64 56
56 56 56 32 32 56 56
56 56 64 64 64 64 63
63 63 63 64 64 64
64 64 64 64 64 64 64 64 0 0
