72 63 63 63 63 63 72 72
72 72 72 72 72 72 72
72 72 72 72 72 72 63
64 64 64 64 64 64 56
56 56 56 56 56 56 63 63
63 63 63 63 63
63 63 63 63 63 63 63
63 63 63 63 63 63
63 63 63 63 63
63 63 63 63 63
63 63 72 63 63
72 63 63 72 72 72 72
72 63 63 63 72 72
72 64 64 64 64 64 64
64 64
64 64 64 56 56 64 64
64 56 56 56 56
56 56 56 56 56
56 56 56 56
56 56 56 56 56 56 56
56 56 64 64 64 64 64 64
56 56 56 56 56
56 56 56 32 56
56 56 56 56
64 56 64 56 56 56
56 64
63 64 64 64 64 64 64 64
64 64 64 64 64 64
64 64 64 64 64 64
56 56 56 56 56 64
56 56 56 56 56 56 56 56 56
56 56 64
56 56
64 64 64 64 64 64 64
64 64 64 64 64 64 64
64 0 0 0 0 0 0 0
0 0 0 0 0 0
0 0 0 0 0 0 0 0 0 0
0 0 0 0 0 0 0
0 0 0 0 0 0 0 0
0 0 0 0 0 0 0 0
0 0 0 0
0 0 0 0 0
0 4 4 64 56 56
56 56 56 56 56 32 36
72 72 72 72 72
72 72 72
72 72 72 72 72 72 72 72 72
72 63 63 63
56 64 64 64 64 64 64 32
32 32 40
40 40 32 32 40 40 64
64 64 64 64
64 64 64 64 64 64 64 64 64
64 64 64 64 64
64 64 64 64 64 64
63 63 63 64 64 64
64 64 64 56 56 56 64
56 56 56 56 56 56 56 56
56 56 56 56 56 56
64 64 64 64 64 64 64
64 64 64 64 64 64 64 56
56 56 56 56 64 56 56 56 56
56 64 64
56 56 56 72 63 72 72 72
72 72 72 72 72 72 72 72 72
72 72 72 72 72 72 72 72 72 72
72 72 72 72 72 72 72 72
72 72 72 64 64 64 64 64 64
64 64 64 64 64 64 63 63 63
63 63 63 63 63
63 63 72 63 63 63 63
72 64 64 64 64 64 64
64 64 56 56 56 56 56
56 56
64 64 64 64 64 64
56 56 56 56 56 56 56 56
64 64 64 64 64 64 64
64 64 64 63 63
72 63 72 72 72 72 72 72 72
72 72 63
63 72 72 63 63 63 63
63 63 63
72 72 72 63 63 63 63 63
63 72 64 63 63
63 63 63 63 63 72 63
56 56 56 64 64 64 64
64 64 64 56 56 64 64 64 64
64 64 64 64 56 56 64 64
64 64 64 64 64 64 64 64
64 64 64
64 64 64 64 64 64 64
64 64 64 64 64 64 64 64 64
64 64
64 64 64 64 64 64 64
64 56
56 64 64 64 64 64 56 56
56 64 64 72 63 63 63 63
63 63 63 72
72 72 72 72 72 72 72
72 72 72 72 72 72 72
72 72 72 72 72 72 72 72 72
72 72 72 63
63 63 72 72 72 72 72
72 72 72 72
72 63 63 72 72 72
72 72 72 72 72 72 72
72 72 72 72 72 72 72
72 72 72 72
36 36 45 45 45 72 63
63 63 63 63 63 63 72
72 72 72 72 63 45 45
64 64
64 64 64 64 64 64 64 64
64 64 64 64 64 64 64
64 64 64 64 64
64 64 63 63 63
63 63 63
56 56 64 56 64
63 63
63 63 63 63 56 56 64
64 64 64 64
64 64 64 64 64 56
63 63 64 64 64 64
72 72 64 64 72 72 72
72 72 72 56 56 63 63
63 63 72 72 72
72 72 63 63 72 72
64 64 64 64 64 64
72 63 63
63 63 63 63 63 72 72
72 72 72 72
72 64 64 64 64 64
64 64 64 64 64 64
64 64 64 64 64
40 64 64 64 64 64 64
64 64 64 56 56 64 64
64 64 64 64 64 64 64 64 64
64 64 64 64 72 64 56 64
64 64 64
64 64 64 64 64 64 64
63 72 72 72 63 72 72 72
72 72 72 72 64 64 72 72
72 72
63 63 63 63 63 63
64 64 63 64 64 64 64
64 64 64 64 64 63 63 63
72 63 63 63 63 72 72 63 63
63 63 72
72 72 72 72 72
72 72 72 63 63 63 63 72
63 72 72 72 72 72 72 63
72 63 72 72 72 72
72 72 63 63 63 72 72
72 72 72 72 72 72
72 72 72 72 72 72 72 72 63
63 63 72 63
63 63 63 63 63 63 63
63 63 63 63
63 63 36 63 63 63 63
72 72 72 72
72 72 72 72 72
72 45 72 72 72 72
72 72 72 72 72 72
72 63 56 56 56
63 63 63
63 63 72 72 72 72 72
72 72 72 72 72 72
72 72 72 72 72 72 72 72
72 72 72 72 72 64
64 64 64 64 64 64
64 64 64
24 24 24 24 24 48 72 40 64
72 64 64 64 64 64
64 64 63 63 63 63
36 72 63 63 72 72 72
72 72 72 72 72 72 72 72
72 72 72 72 72 72 72
72 72 72 72 64 64 64
64 64 64 64 64
64 63 64 56 56 56 56 56
56 56 56 64 64 64 64 64
64 64
64 64 64 64 63 63 63 63
63 63 63 32 32 56 56
56 56 56 63
63 63 63 63 36 36 72 64
64 56 25
64 64 64 64 64 64
64 64 64 63
64 72 64 64
64 64 64 64 64 64
64 64 64 64 64 64 64
64 64 64 72 63 63 64
64 64 64 64 64 64
64 64 64 64 64
64 72 63 63 72 72
72 72
72 72 63 56 56
32 56 64
64 64 64 64 64 64 64
64 56 56 36 36 36
63 63 63
36 36 36 36 63 72 63
72 63 63 63 63 63 63
63 63 63 63
63 63 63 63 63 63 63
36 72 63 63
72 63 64 64 64 64 64
64 64 64 64 64 64 64
64 63 63 64 64 72 72
72 72 72 72 72 72 36
64 64 64 36 36 36 72 64
64 64 64 64 64 64 64 64
56 56 56 56 56 56 56 56 63
63 63 63 63 63 63 63
72 72 72 72 72 72 72
72 72 72 72 72 72
72 72 72 72 72
72 72 72 72 72 72 72 72 72
72 72
72 72 72 72 72 72
72 72 72 72 72 72 72
72 63 63
63 63 63 63 63 63 63 63
63 63 63
63 63 63 63 63 63 63
63 63 63 63
63 63 63 63 63 63 63
63 63 63 63 63 63 63 63
63 63 63 72 63 63 63
63 63 63 72 72 72
64 64 64
64 64 64 64 64 64 64 64 64
64 64 64 56 32 32 56
56 56
56 32 32 56 56 56 56 56
56 56 56 56 56 56 56 56 56
56 56 56 56 56 56 56 56
64 64 63 56 64 63
72 63 64 64 72 72 72 72
64 64 64 64 63 63
56 56 56 72 72 72 72
72 63
56 56 56 56 64 63 36 72
72 72 72 72 72 72 72
72 72 72
36 36 63 63 72 72 72
72 72 72 72 63 36 63
63 63 63 63 63 63 63 45 45 45
45 72 72 72 72
72 72 72 72 63 63 63
64 64 64 64 64
56 63 63 63 63 72 63 63 63
63 63 63 63 63
63 63 63 63 63 72 72
72 72 72 72 72 63 63
72 72
63 63 63 63 63 63 63 63 63
63 63 63 72 72 72 63 63
63 63 63 63 63 63 36
72 72 72 72 72 72 72 72 72
72 72 72 72 72 72 45 72 72
64 64 64 64 64 64 64
64 56 63 56 64 64
64 64 64 64 64 64 64
64 64 64 64 64 64 64
64 64 64 64 63 63 63
63 63 63 63 63 63
63 63 36 63
63 36 36 63 63 63 63
63 56 64 64
72 72 63 63 72 64 64
64 64 64 64 56 56 63 63
63 63 63 63 72 72
72 72 63 64 64 64 64
64 64 63 63 63 63 63 63
63 63 63 63 72 72 72 63
63 63 63 63 63 63 63
63 63 64 64
56 56 56 32 32 64 64 56
56 56 63
63 63 63 72 63 63 63 63
63 63 63 63 72 72 72 72
72 72 72 72 72 72 72
63 63 56 64 64 64 64
72 64 56 64 72 72 72 72
72 72 72 72 72 56
56 56 63 63 63 63
63 63 63
63 63 63 72 72 72 72 36
36 63 63 63 63 63 63 63
63 63 63 72 63 63 63
24 63 63
72 45 45 72 63 63 56
56 56 56 56
64 64 64 64 72 63 63 63
63 72 72 72 72 72
72 72 64 64 64 64
64 64 64 63 63 36
36 63 63 63 63 63 63 63 63
63 63 36 24 63 63 63 63
63 63 72 72 72 63 63
63 63 63 63 63 63
63 72 45 45 72 72 72 72 72
72 36 63
