63 63 64 64 64 64
64 64 64 64 64 64
63 63 63 63 64 64 64 64 64
64 64 64 64 64 64 64 64
56 56 56 56 56 56 56 56
56 56 56 56 56 56
56 56 63
63 63 63 72 72 72 72 72
64 56 56 64 64 25
64 64 64 64 64 64
64 40 45 72
72 72 72 72 72 63 63 63
63 63 63 64 64 64 64
63 63 64
0 0 0 0 0 0 0
0 0 0 0 0 0 0
0 0 0 0 0 0 0 0
0 0 0 0 0 0
0 0 0 0 0 0 0 0 0 0
0 0 64 64 64 64 64
64 64 64 64 64 64 64 32
32 40 64 64 64 64 64 64
64 64 64 64 64 64
64 64
64 63 63 63 72 72
63 64 64 64 64 72 64 64
64 64 40 40 40 64 64 64
40 40 64 64
56 56 64 64 64
64 64
64 64 64 64 64 56 63 63
64 64 64 64 64 63 63 64
64 64
64 64 64 63 63 63 63
63 63 63 63 63
63 63 63 63 63 63
63 63 63 63 63 63 56
63 63 63 63 63 63 63 63
63 63 63 56 56 56 56 56
63 63
63 63 63 63 63 56 56 56 56 56
56 56 64 64 64 64 56
36 36 36 36 36
36 36 63 36 36 36 36
36 63
63 63 63 63 63 63 63 63 63
63 72 72 72 72 72 72
72 72 64 64 64 72
64 64 64 64 64 64 64 64 64
64 64 64 64 56 63
63 63 63 63 63 56 64 64 64
64 64 64 63 63
63 63 63 63 72 63 63
63 63 63 63 63 63
63 63 63 63 63 72 72 72
72 72 72 63 63 64 64
64 56 63 63 63 63 63
63 63 63 56 56 56
56 56
56 56 64 64 56 32 56
56 56 56 56 63 63 63
72 72
72 72 63 63 63 63 63
63 63 63 72 72 72 72
72 63 63 36 36 36 63 63 63
63 63
56 56 63 72 64 64 56 64
64 64 64
64 64 63 36 63 63
63 63 63 72 72 72
72 64 64 64 64 64 64 64
64 64 64 64 64 64 64
64 64 64 64 64 64 64 64
64 64
56 56 56 56 56 56 64 64
64 56 56
56 56 56 56 56 56 56 64
56 64 64 64 64
64 63 63 72 72 72 63 72
72 72 72 72 56 56
56 56 56 56
63 63 63 63 63
63 63 63 63 63 63 63
63 63 63 63 63 72 72
72 64 64
64 64 64 64 64 64 64 64
63 63 64 64 64 64 56
56 56 63 63 63 36 63
63 63
72 72 63 63 63 36 36 63
72 72 72 72 72 72
72 72 72 36 36 63 63 63
72 72 63 63 63 63 63
63 63 63 36
63 63 63 63 36 36 36
36 36 36 36 63 64 64 64 64
64 64 56
56 56 56 56 56 72 63 63
63 63 63 63 63 72 72 72 63
72 72
63 63 63 32 32 32 32 32
32 63 72 72 72 56 64 64
64 64 63 63 56 63 63
63 63 63 63 56 64 64 64
64 64
64 64 64 64 64 64 64
64 64 64 64 64 64
56 56 56 63 63 63 63 63
64 64 64 64 64
64 64 72 63 63 63
63 63 63 63 56 64
64 64
64 64 64 56 63 63 63
63 63 63 63 63 63 45 45
64 64 64 64 64 64 64
64 64 64 64 64
56 56 56 56 56 72
72 64 63 63
63 63 63 63 64 64 64
63 63 56 56 64 64 64
64 64 64 64 64 64 64 64
56 63 36
36 63 63 63 63 63 72
63 72 56 63 63 63 64 64
64 64 64 32 32 64 64 56
56 64 72 72 72 72 72
72 64 64 64 64
72 36 36 9 36 36 36 36 36
36 63 63 72
72 72 72 72 72 56
64 64
64 64 64 63 63 63 63 63
63 64 64
64 64 40 64 64 64 64 64
56 56 64 72 72 72 72 72
72 72 72 72 64 64
64 64 56 56 56 56
56 72 63 72 63
63 63 63 63 63 63 63 63
63 63 63 64
64 64 72 72 72 72 72
72 45 45 45 72
72 72 63 63 63 56 32 56
56 64 56 56 63 63 63 63 63 63
63 63 63 63 63 63 63 63 63
36 36
36 9 9 9 9 36 36 36 36
36 63 63 63
63 63 63 72 72 72 72 72 72
72 63 63 63 63 56
56 56 64 64 64 64
64 64 72 72 72 72 72 72
72 72
72 72 72 72 72 63 63
72 72 63 72 72 64 64 64
64 56 56 64 63 63
72 63 63 56
56 56 56 56 56 64 64 56
56 56 56 56 56 56
56 56
56 56 56 64 64 64 64 64
63 63
63 72 72 72 72 72 72 72
72 56 56 56 64
64 64 64 64 64 64 64
64 63
63 63 63 56 63 63 64 56
56 56
56 56 56 56 56 56 56
63 63 63 72 72 72 72 72 72
72 72 64 63
63 63 64 64 64 64 64 64
63 63 72 72 72
63 63 63 63 63 63 63
63 56 64 64 64 64 64
64 64 64 64
64 64 56 56 56
56 64 64 64 64 64 64 64
64 64 64 64 63 63 63
56 56 63 63 63 63 63 63
63 63
63 63 63 63 63 63 63 64 64
56 64 64 64
72 72 63 63 63 63 63 63 72
63 63 63 63 63
72 63 72
72 72 72 72 72 72 72 72
72 72 72 72
72 72 72 72 72 72 63 63
63 63 63 63 63 63
63 63 63 64
64 64 64 64 64 64 64
64 64 64 72 64 64 64
64 64 64 64 64 64
64 64 64 72 64 64 64 64
64 64 72 63 63 64 64 64
64 64 64 64 64 64 64 64 64
64 64 64 56 56 64 56
56 56 56 56 56 56 24 24 24
63 24 24 64 64 64 64
64 64 64 64
64 64 64 64 64 64 64 64
64 64 64 56 56 56 64
64 64 64 64 64 64 64 64
64 64 64 64 64 64 64
64 64 64 72 63 64 64 64
64 63
63 63 72 63 63 63 63
63 63 63 63 63 63 63 72
63 72 72 72 63 63 63 63
63 63 36 36 36 63 63 63 63 63
63 63 63 63 63 0
0 0 0 0 0 2 1
10 63 63 63 63 63 63 63
0 0 72 72 0
0 0 63 63 63 63 63
63 0 72 72 72 72
72 0 63 72 63 72
72 72 72 72 72
63 63 63 63 64 64
64 64 64 64 64 64 64 64
64 64 64 64 64 64 64 64 64
64 64 64
64 64 64 64 64 64 64
64 64 64
72 72 72 72 72 72 72 72
72 72 72 72 72
56 56 56 56 56 56 56 56 32
64 64 64 72 72
72 64 64 64 64 64 64
56 56 56 56 56
32 32 32 56 56 56
56 56 56
56 56 56 64 64 64 64 64 64
64 64 64 64 64 64 64 64 64
64 64 64 64 64 56 63 63
63 63
72 72 72 72 72 72 72 72
63 63 63 63 63 63 63 63
64 64 64 64
64 64 64 64 64 64 64 64 64
64 72 72 72 72 72 64 72
72 64 64 64 64 64 64
64 64 64 64 64 72
72 72 64 56 56 63 56
56 56 56 56
63 63 64 64 56 56 56 56
56 64 64 64 64
64 64
64 64 56 56 56 56
56 56 56 56 56 56 32 32
56 56 56 56 56 56 56 56
56 32 32 32 32 32 32 32
32 32 32 56 56
64 56 56 56 64 56 56 56
56 64 64 56 56 56 72 72 63
63 72 72 72 72 72 64
64 64 64
64 64 72 72 72 72 72
72 72 72 72 72 72 72 72
72 72 72 63 63
63 63 56 56 56 56
64 64 64 56 56 56 56
56 64
72 72 72 72 72 72 64
64 64 64
64 63 64 64 64 64
63 63 63 63 63 63
72 72 72 72 72 72 72 72
72 72 72 72 63 72 72 72
64 56 56 56 56 56 56 56 56
56 56 56 64 64
64 64 64 64 64 56 56 56
56 56 56 56 56 63
63 63 56 56 63 63 63
63 63
63 63 64 64 64 64
64 64 64 64 64
64 56 56 56 64
64 64 64 64 64
64 64 64 64 40
40 64 64 64 64 64 64 64
64 64 72 72 72 72 72 72
72 72 72 72 72 72 72 72
72 72 72 72 72 64 64 64
64 64 72
72 72 72 64 64 64 64 64
64 64 64 64 64
56 56 56 56 56 56 64
64 64 64 64
64 64 64 64 64 64 64
64 64 64 64
56 56 56 56 56 56 56 56 56
64 64 64 64 64
64 64 64 64 64 64
64 64 64
64 63 63 56 64 64 64
64 64 63 63 63 63 63
63 63 72 72
64 64 64 64 64 64 64 64
64 72 63 63 63 63 63
63 63 63 63 63
63 64 64 64 64 64 64 64
64 64 64 64 64 64
64 64 64 64 64 64
56 56 64
63 64 64 64 56 56 56 64 64
64 64 64 64 64 64 64 63 63
63 63 63 63 63 63 63
63 63 63 63 56 56 64 64
64 64 64
64 56 56 64 64 64 64 64
64 64 64 64 64 64 64 64
64 64 64 64 64 32
56 64 56 56 56 64 64 64
64 64 64 64
64 64 64 64 64 64 64
64 64 64 64 64 64 64 64
64 56 56 56 56
56 32 56 56 56 56
56 56 56 56 56 56 56 56 56
56 56 56 56 56 64 64 64
64 64 72 72 72 72 64 64 64
64 64 72 72 72 72 72 72 72
72 72 63 63 72 72
72 64 64 64 64 64
72 72 63
63 64 64 64 64 64
64 64 64 64
64 64 64 64 64 64 64
64 64 64 64 64 56 56
64 64 64 64 64 64 64
64 64 72 72 63 63 56
63 63 63 72 72 63 63 63
63 63 63 63 63 63 63 63 63
63 64 64 64 64 64 64 64
64 64 64 72 72
72 72 72 72 72 72 72 72 72
72 72 72 72 72 72 72 72 72
72 72 72 72 72 72 64 64
64 64 64
64 64 64 48 48 24 24 24
24 24 24 24 24 48 72 72 64
64 32 56 32 64 64 64
64 64
64 64 64 64 64 64 63
63 63 64 64 64 64 64
64 56 56 56 56 63 63
72 72 56 56 56 63 63
63 63 63 63 72 56 56 63
72 72 72
72 64 56 64 64 64 64
64 64 64 64 64 64 64 64
64 64 64 64 64 64 64
64 64 64
64 64 64 64 64 64 64 64 64 64
64 64 64
64 64 64 64 64 64 64
64 64 64 63 63 63 63
63 63 63 63
64 32 32 32 32 56 64 64 64
64 64 64 64 64 72 72
72 63 36 63 63
63 63 63 63 56 64 64 64 64
64 64 64 64 64 64 64 64 64
64 64 64 64 64 63 63
63 63 63
63 63 63 72 64 63 63
63 63 63 63
63 63 63 35 56 63 63
36 36 72 72
72 72 72 63 72 72
63 63
72 63 63 63 63 63 56 64
56 64 64 64
64 64 64 64 63 63 63
63 56
56 56 63 63 72 72 63 63 63
63 63 63 63 63 63 63 64
64 64 72 72 72 72 63
72 64 64 64 64 64 64
64 48 72 64 72
72 72 72 64 64 64 56
56 64 64 56 56 63 63 63
32 56
56 56 56 32 32 56 56 32 32
32 32
56 56 72 64 64 56 56
64 56 64 64 64 64 64 56
56 56 56
32 56 56 56 56 56 64 64 64
64 63
63 63 63 63 63 63
63 63 63 63 63 63 63
63 63
63 63 63 64 64 56 56
56 56 64 64 72 63 63
63 64 64 64 63 56 56 56 36
24 63 63 63 63 63 63 56
64 64 56 56 56 56 56
64 64 64 64 56 56 56 56
56 56 56 56
56 56 64 64 64 64 64
64 64 64 64 64 64 64 64
64 64 64 64 56
56 63 56 63 72 64 64 64
64 64 63
63 63 63 63 63 63 64 56 56
63 63 64 64 64 64 64
64 64 64 64 64 56 56
56 56 56 64 64 64 64 64
64 64 64 64 63 64 64
64 72 64 64
72 63 56 56 56 56 56 56 56
56 56 56 56 56 63 63
63 63 63 63 63 63 56
63 63 63 63 63 63
56 56 64 64 64 64
32 32 32
64 64 64 64 64 64 64 64
64 63 56 56 64 64 64 64 64
64 56 56 56 56 56 56 56 56
56 56 56 56 56 56 56 56 63
63 63 63 63 63 63 63 63 63
63 64 64 64 64 64 64 56
56 56 56 56 56 56 56 56
56 56 56 56 56 56 32 56
56 56 56 56 56 56 64
64 64 63 56 56 56 56
56 56 56 56
56 56 56 63 63 63 63
56 56 56 56
56 56 56 56 63
72 72 63 63 63 63 63
63 63 72 72 64 56 64
64 64 64 64 64 56 56 56
56 56 56 56 56 56 56
56 64 64 64 64 56 56 56
56 56 56 63 63 63 72 63 63
56 56 56 63 63 56
56 56 56 56 56 64
56 56 56 56 56 63 63 63
56 32 56 56 56 56 36
36 24 63 63 36 36 63
63 63 63
63 63 63 63 63 63 56 56 56
56 64 64 64 64 56 64 64
64 64 64 64 64 64 64 64 64
64 64 64 64 64 64 64
63 63 63 64 64 64
64 64 64 64 64 63 63
63 63
63 63 63 63 63 63 56 56 56 56
56 56 56 56 56 56 56 56 56
64 64 64 64
64 64 64 64 64 64 64 64 64
64 64 63 63
63 63 63 64 64 64 64 64
64 64 64 64 64 64 63 63
63 36
63 63 63 63 63 63 63
63 63 63 63
63 63 63 63 63 72 63
63 63 45 72 72
64 64 64 64 64 64 64 63
63 63 63 63 63 63 72 72 72
72 72 72 72 72 72 72 72 72
72 72 72 72 56 56 56
56 56 56 56 56 56 56 56 56
56 56 56 56 56 64 64
64 64 64 64 64
64 64 56 56 56 56 56 56 56
56 56 56 56 56 56 56
64 64 64 56 64 56 64 64 64
64 64 64 56 56 56 56 56
56 56 56 56
56 56 56 56 64 64 64
63 63 63 63 63 63 63
63 63 63 63 56 56 63 63
63 63 63 64 63 63 63
63 63 63 63
64 64 64 64 64 64 64 64
64 64 64 64
64 64 64 64 64 64 64 63
63 63 63 63 63 63 63
63 63
63 63 63 63 63 63 63 63
63 63 63 63 63 63 63
64 64
64 64 64 64 64 64 64 64 64
64 64 64 64 64 64 64 64
64 64 64 64 64 64 64 64 64
64 64 64 56
64 56 64 64 64 56
56 56 56 56 56 56 32 32
32 32 56 64 64 64 64 63 63
63 63 63 63 56 56
63 72 72 72
64 64 64
64 63 63 63 63 72
72 72 72 72
72 72 64 64 40 25 64 56
56 56 56 72 36 36
36 36 36 36
63 64 64 64 64 64 64
64 56 56 56 56 56 56 56 56
72 72 72 72 72 72 72 64
64 64 64 64 64 64 64
64 64 64 64 64
64 64 56 56 63 63
63 63 63 63 42 42 42
42 42 42 63 63 42
42 42 42 42 42 42 42
63 42 42 63 63 63 56 56
63 63 63 63 56 56 56
63 63
64 64 64 64 64 64 64 64
64 64 64 64 64 72
64 72 64
64 64 72 48 48 48 42 42
63 63 63 63
63 63 63 63 42 42 42 42
42 42 63 63 63
63 63 63 63 72 72 72 72
63 56 56 56 56 56 63
63 63 63 64 64 64 64
64 64 64 64 64
72 64 64 72 64 56 56 56 63 63
56 56 56
63 56 64 64 72 72
72 72 63 63 56 63 63 63 63
72 72 72 72 63 64 56
56 72 63 63 63 63 64
64 32 32 56 63 63 63 63
63 63 72
72 72 72 72 72 72 72 45
45 72 72 72 72 64 64 64
63 63 63 63 63 63 63 63 63
64 64 72
72 72 72 72 72 64 56 56
56 56 56 56 63 63
63 63 63 63 63 72 72 72 72
72 72 72 72 63 63 63 63
63 56 56 64
64 64 64 64 64 64 64
64 64
64 64 64 64 64 64 64
64 64 64 64 64 64 56
56 56 56 56 56 56 56 56 56
56 56 56 56 56 56 56
56 56 56 56 56 56 64
64 64 64 64 64 64
64 56 56 56 63
63 63 63 63 63 63
63 63 63 63 63 63 63 63 63
64 56
