56 56 56 20 32 56 56 56 56
56 56 56 64 64 56
56 56 64 56 56 56
56 56 56 56 56 56 56
56 56 56 56 56 56 63
56 56 56 56 63 63 63
56 63 63 63 63 56
56 56 56 56 64
56 64 64 56 56 64 56
64 56 56 56 63 72 72 72
72 64 64 56 56 64
56 64 56 63 63 64
64 64 64 25 25 25 25 25 25
25 25 25 25 25
25 25 25 25 25 0
0 0 0 0 0 0
0 0 0 64 64 63 63
63 63 63 64 56 64 64 64 64
64 63 63 63 72 72 64 64
56 56 64 64 56 64 72
72 72 56 64 64 64
56 56 64
72 64 56 72 64
64 64 72 64 64 56 64 64 72
64 64 64 64 56 56
56 64 64
64 64 64 64 56 63 63 63 63
63 63 64 64 64 64 56
64 64 56 64 56 56
63 63 72 64 72 63 64 64
40 64 64 64 64 64 64
64 72 64 56 56 56
64 64 64 64 64 64 64
64 72 72 64 64 64 64
64 56 72 64 64 64 64 64
56 56 56 56
56 64 64 64 72 72 72 72 72
72 64 56 72 72 72 72
72 72 72 56 56 72
72 72 72 72 48 72 72 72 56
56 56 56 56 56 56 56 56
56 56 56 56 64 56 56 56
56 56 56 56 56
64 72 48 72
64 48 72 72 63 72 64 64
64 72 72 64 64 64 64 64
64 64
64 64 64 64 56 56
56 56 56 63 63 48
64 72 72 72 72 72 72
72 64 64 56 56 64 56 56
56 56 64 64
56 56 56 56 56 56 56 56
56 56 64 56 64 64 64 56
72 72 56 56 56
56 56 20 56 35 64
64 72 72 72
64 64 56 72 72
63 63 63 63 72 72 72
72 56 56 56 56 56 56 56
56 56 56 56 56 56 64
56 64 64 56 56 64 56 64 64 56
64 64 64 56 56 72
72 72 72 64 64 64 64
64 64 56 72 72 64
64 72 72 72 72 72 72 56
72 72 64 56 56 56 32
56 56 56 56 56 64 56
56 56 64 64 56 56
64 64 56 64 56 56 64
63 63 63 63 56 56 56 56
56 63 63 63 63 63 63
64 64 56 56 64 56 64
56 56 63
72 72 72 72 0 0 0
0 25 25 0 25 0 0 0
25 25 25 0 0 0 0 25 25
25 64 56 56 56 64 56
56 56 56
56 72 72 72 64 72
72 72 64 64 64 64 56
64 64 64
72 72 63 63 72 63 56
63 63 63 63 63 56 56
63 72 72 72 72 56 56
64 64 64 64 64 64 64 64 56
63 56 0 0 0 0
56 56 56 56 56 56 56 56
56 42 72 72 72 64 72
72 56 56 64 64 64
56 56 56 64 64 64 64
56 20 20 64 64 64 56 32
56 56 64 64 64 64 64
56 56 63 72 63 63 63 64
56 56 64 56 56 56
56 56 64 56 56 56 64 64
64 63 72 72 72 72 72 63
63 63 63 72 72 72 63 72
64 64 64 56 56 72 72 72
72 72 72 72 72 72 72
72 72 64 72 63 63 64
64 64 64 56 56 64 64 64
64 64 56 56 64 64 64
64 64 64 63 63 63 63
63 63 63 56 56 56 32 56
32 64 64 64 64 64 56 56
72 72 56 56 56 56 56 56 56
56 56 56 56 56 64 64 64
64 64 56 64 72 56 56
63 63 63 63 56 56 56
64 72 63 63 72 72 72
72 56 64 56 64 56
56 56 56 64 64 56 56 64
64 64 64 64 64 64 56
72 72 72 72 72
72 72 72 64 56 56 63
72 63 63 48 72 72
63 72 72 72 72 72 72 72 56
56 56 56 64 64
56 32 64 56 56 56 56
56 56 64 72 72 72 72
72 72 72 63 63
63 63 72 72 56 56 56
56 56 64 63 63 63 63 56
56 56 56 64 56 56 64 63
72 64
56 64 63 63 56 72
72 72 72 64
56 56 56 56 64 64 56 56 56
56 56 64 64 64
56 64 64 64 64 64 64 64
64 56 56 56 56
56 56 56 56 20 20
56 56 56 64 64 56 56
56 56 56 63 63 63 63
63 63 56 56 56 56 56
56 56 56 56 56 64 56
56 32 64 64 64 64
64 56 56 56 72 64 64
64 64 64 64 56 56 72 72 72 72
72 72 72 72 72 72 72
72 64 64 64 64
64 72 56 56 64 64 64 64
56 56 56 56 56 56 56 56
56 56 56 32 64 64
64 56 64 64 64 56 56
56 56 64 56 56 56 56 32
56 64 64 56
56 56 56 56 56 56
56 64 56 56 56 64 64
64 64 64 64 64 72
72 72 72 56 72 72 72
72 72 72 72 72 72 72
63 63 72 72 72 64
64 72 72 56 56 56 72
63 64 64 64 64 64 56 56
56 56 56 56 56 56 56 56 56
56 56 56 56 56 56 63 56 63
63 63 63
63 63 56 63 56 63 63 63 63
56 56 56 56 56 56 56 56
56 56 56 56 56 56 64 56
64 56 56 56 56 32
64 64 64 64 64 64 56 56 56
56 64 64 64 64 64 56
56 64 64 64 64 64 64 64
64 64 64 64 56 64 64 64
64 64 64 64 56 63
56 64 64 64 56
56 56 56 56 56 56 56 56
56 56 56 64 64 56 56
64 64 64 64 64 64 64 64 56
64 64 56 56 56 56 56 56 64
56 56 56 56 56 56 56 56 56
56 56 64 72 63 63 63 64
64 64 64 72 72 72 72
72 64 64 64 64 64 64
64 64 64 64 64 63
63 63 63 63 63 63 63 63 56 64
56 56 56 56 56 56
56 56 64 64 56 56
56 56 63 63 63 56 56 64 64 64
64 56 64 64 64 64 56
56 56 56 63 63 64 64 64
72 64 56 64 64
64 64 32 32 32 64 64
72 72 72 72 72 72 72 72
72 72 72 72 72 63
72 72 72 72 72 72
72 72 72 63 72 64
64 64 64 64 64 56
64 56 56 56 56 56
64 64 56 64 64 72 72 64
64 56
56 63 63 63 56 64 64 64
56 56 56 63 56 56 56
56 56
64 72 72 72 63 42 72 72
63 56 56 56 56 56 63 63
48 63 63 63 24 20 20
56 56 56 64 64 64 64 56 64
64 64 56 63 63
63 32 32 56 56 56 32
56 56 56 56 42 42
48 72 72
63 72 63 56 56 64 56 56
63 63 63 63 63 56 64 64
56 56 56 56 64 64 64
56 56 56 64 64 72
56 56 56 56 56 56 56 56 56 56
56 56 56 64 64 56 20
20 20 64 64 64 64 40 40
64 64 56 56 56 64 64 72
42 48 48 64 64 64 72 72
72 72 72 64 56
56 56 56 63 63 63 64 64
56 72 72 72 56 56 56 56 56
56 56 56
63 63 63 72 56 56 56 56 56
56 56 64 64 72 63 63 72 63
48 72
72 72 72 72 72 56 56
56 56 56 56 56 56 56 56 56
63 72 56 56 56 56
64 64 64 56 64 64
56 64 56 56 64 64 64
64 56 56 56 64 56 64 64
56 63 72 63 63 64
64 64 72 72 72 64 64
64 72 72 72 72 56 56 56
56 56 56 56 56 56 56 56 64
64 64 64 64 64 64 64 56
56 56 63 63 56 56 64 56
56 32 56 64 56 56 56 72
72 72 72 72 56 56 56 64 72
72 72 72 72 48 48 72
72 72 72 72
63 63 72 56 24 24 24 24
56 56 56 56 56 56
63 63 63 64 72 63 63 63
63 64 64 56 56 56 56
56 63 72 72 72 72 48
72 72 72 56 56 56 56 56
56 56
56 56 56 56 56
56 56 56 56 56 56 56 56
56 64 64 56 56
56 56 56 56 56 56 56 56 56 56
56 56 64 56 56 56 56
56 56 56 64 56 56 56 56
56 56 56 56 56 63 63 63 63
56 56 56 56 56 56 56 56 72
72 72 72 72 72 72 72 72 63
72 72 72 72 56 35 56 56
56 56 56 56 64 56 56 56
56 56 32 56
56 56 56 32 56 32 32
56 56 56 56 56 20 56 56 56
56 56 56 56
64 56 56 35 72 72 72
72 63 63 63 63 56 56 56
56 56 56 64 64 64
64 64 64 64 56 56 56
56 56 56 56
20 32 56 64 64 56
56 56 56 56
56 64 64 64 56 64 64 63
72 72 72
56 72 64 64 64 56 56 56
56 56 64 56
64 35 42 63 56 56 32 20
20 64 64 56 56 56 56 64
32 56 56 56 56 56 32
56 56 56 56 56 42 56 35
56 56 56 56 56 56 56
56 64 56 64 64 64
64 64 64 64 72 48
48 48 48 72 48 72 72
72 72 63 48 35 35
56 56 20 56
64 64 64 64 56 56 56 56
56 56 56 56 56 72 72 72
72 64 64 64 56 56 56 56
56 72 56 56 56 56 56
56 56 56 56 56 56 56 56 56
64 64 64 64 64 64 56 64 64
56 32
56 56 64 56 56 56 56 56 56
56 64 64 56 56 56
56 56 56 64 64 64 64
64 64 72 72 64
64 64 64 64 56 56 64
64 72 56 56 56 56 63 63
48 72 72 72 72 72 72
72 63
64 72 0 0 0 0 0 0
0 0 0 0 0 0 0 0
0 0 0 0 0 0 0 0 0
0 0 0 0 0 0 0 0 0
0 0 0 0 0 0 0
0 0 0 0 0 0 0 0
0 0 0 0 0 0 0 0
0 0 0 0 0 64 56 56
56 56 56 56
56 56 56 56 56 63 63
63 63 56 56 56 56 56
64 64 64 64 64 56
64 56 56 56 56 56 56 56 64
56 56
64 64 64 64 72 72 72 72
72 63 63 56 63 63 72 72
72 56 56 56
64 63 63 56 56 32 32 56
56 56 56 56 56 64 64 56
56 56 56 64 56 63 72 72 56
56 56 56 56 64 56 56
56 56 56 56 56 56
64 64 64 64 56 64
56 56 64 64 64 72 72 72
72 64 64 56 56 56 56
56 56 56
56 56 56 64 64 56 56 56
56 56 56 56 56 56 56 64
63 56 56 64 56 56 56 35 40
56 64 56 56
72 64 63 63 64 64 56 64
56 63 72 64 64 64
56 56 56
35 56 64 56 64 64 64
64 64 72 72 72 72 56
56 35 56 56 56 32
32 56 56 56 56 64 56 56
56 56 56 64 56 64 64
64 56 64 64 64 56 56
35 64 64 64 56 56 56 56
64 56 56 64 56 64 64 56
35 64 64 56 64 64 56
56 56
56 56 56 56 64 56 56
56 56 56 56 56 64 64 64
56 56 56 56 56 72
72 72 35
56 56 56 56 56 56 56
56 56 56 56 64 64 64
56 56 32 64 56 56 56 56
56 56 56 56 56 56 63 42
63 63 63 56 32 32 20
32 56 56 56 56 56 56 56
56 64 56 56 56 56 56 56
56 56 56 56 56 56 56 56 56
56 56 56 64 64 56 72
72 72 64 56
56 56 64 64 64 56
56 56 56 64 64 56 72
72 72 72 56 56 56 56
56 56 56 56 56 56
64 32 49 49 56 64
64 64 64 64 64 64 56 56
64 56 56 72 72 72 72
72 56 20 64 64 56
56 64 64 64 56 56 56
32 32 32 56 56 56 64
64 56 56 35 35 64 64 64
64 56 56 64 64 63
72 63 63 56 56 64 56 56
56 64
56 56 64 56 64 56 56 56
64 64 64 64 64 64 64 64
64 64 64 56 56
56 56 56 56 56 56 63 56 64
64 56 64 64 64 64 64 56 56
64 64 64 64 64 64 56
56 56
64 64 64 64 56 56 63 63
63 56 56 72 72 72
72 64 56 56 56 64 64 64
64 64 56 56 56 56
56 56 56 64 64 64 64 64
56 56 64 64 64 64 56 32 32
56 56 56 56 56 56 56 64
64 64 64 56 56 56 56 56
56 56 64 64 64 64 64
56 56 56 64 63 72 72 72
72 64
64 64 64 64 64 64
64 56 64 64 64 64 64 64
64 64 40
72 72 72 72 56 56 56 20
20 64 64 56 56
56 56 56 72 72 72 72
56 56 56 56 56 56 63
72 72 63 20 56 56
64 64 64 64 56 64 64 64
64 56 56 64 64 64 56
56 72 72 72 72 72 72
63 63 72 72 64 72 72
63 63 56 64 64 56
56 64 64 56 64 64 56
56 56 56 56 64 48 72 72 72
72 56 56 64 64 64
64 56 56
56 56 64 56 56 72 63
64 64 64 64 64 64 64
56 64 64 64 56 63
56 56 56 72 72 64 64
64 64 64 64 72 72
63 72 63 63 64 56 64 64
64 64 64 56
56 56 56 56 56 56 56 56
56 56 56 56
56 64 56 64 56 56 56
56 56 56 56 56 56 56 56
63 63 63 63 56 63 63 63
63 63 63 42 63 63 63 63
72 72 56 64 64 64 64 56
72 72 72 72 64 72 72 72
72 63 64 64
72 63 64 64 56 64 64
72 72 72 72 64 64
0 0 0 56 56 56 56 64
56 56 56 56 56
56 32 56 56 56 56 56 56 56
56 56 64 56 64 64 64 64
56 64 56 56 56 56 64
64 72 56
56 56 56 64 64 64 64
63 72 72 64 72 72 72
72 63 63
63 56 56 56 56 64
64 72 72 72 72 72 64
56 56
56 56 64 64 64 64 56
56 56 64 56 56 56 56
56 56 32 32 32 32 64
56 56 56 56 32 64 56
56 56 56 64 64 64 64
56 56 56
56 56 56 56 56 56 56 42
64 42 64 56 56
64 56 56 56 64 64 64
64 64 56 56 64 64 64
64 64 64 64 64 56 56 64
64 64 56 64 64
64 64 64 64 56 56 56
56 64 56 64 64 56
64 56 64 63 64 72 56
56 64 64 64 64 64 64 56 64
64 64 64 64 56 56 64 56 56
56 56 56 64 64 64 64 64
72 72 72 56 56 56 56 56
56 42 56 56 56 63
63 56 56 56 56 56 64 64 56
64 56 56 56 56 64 64
64 64 64 56 56
56 56 64 64 56 56 56
56 56 56 56 56 56 56
64 64 56
64 64 64 56 56 56 56 56 64
56 64 64 64 63 56 63 63
24 56 56 56 56
56 42 63 56 56 42 56
64 56 63 63 64 64 64
64 64 64 56 56 72
72 72 35 56 64 64 64 56
56 64 72 72 63 63 63 63
72 72 72 56 64
64 64 64 64 56 56 56 56 64
64 64
64 64 56 64 64 56 56
56 56 56 56 64 64 64
56 56 56 63 63
64 64 64 64 64 64 56 56 56
56 56 32 32 64 56 56 32 32
32 32 56
64 56 35 35 64 56 56
56 56 56 56 48 42
42 56 35 56
64 64 56 64 56 56 64
64 56 56 56 56 56
64 64 56 56 56 56 56 56 56
56 64 56 56 56 56 64
64 64 64 64 56 63 64 64 64
32 32 56 56 64 56
56 56 64 56 56 56 56
64 63 42 64 64 64 56
64 64 64 56 56
56 56 56 56 64 64 56
63 56 56 56 64 40 64
64 56 56 63 72 72 72 64 64
32 56 32 32 32 32 56
56 56 56 56
56 56 56 56 56 56
56 64
56 56 56 56 56 64 56
32 32 56 56 64 72 72
64 72 64 64 64 64
64 64 64 64
64 0 0 0 0 0 0
0 0 0 0 0 0
0 0 0 0 56 56
56 64 56 64 64 56 56 56
56 56 64 64 64 64 56
64 64 56 64 64 64
56 56 56 64 56 56 56 64
64 56 56 64 56 56 56
56 56 56 20
20 20 20 20 56 56 56 42 42
72 72 72 72 72 72 64 64 56
64 64
64 48 72 72 72 72 56
72 72 72 72 72 72 72 63 63
63 63
63 63 63 63 56 56 56
64 64 64 64 64 64 56 56 56
56 56 64 64 72 72
56 64 64 64 64 56
56 56 56 56 56 56 56 64 64 64
72 72
72 56 56 56 56 56 56 56 56
64 64 64 64 64 56
64 64 64 64 64 56 63
63 63 63 63 63 63 63
63 64 42 63 64 72 72
72 63 42 42 35 56 56 56 56
56 56 64 64 64 64 56 56 56
56 56 56 56 56 56 64
56 64 64 56 56 56
56 56 56 56 56 56 56
56 24 64 64 72 72 72 72
72 72 72 72 72 63 63 64
64 72 72
72 72 64 64 64 64 64
64 56 64 64 64 64 64 64
64 64
64 64 64 64 64 64 64 64
64 64 64 25 25 25 25 25 25
25 25 25 25 25 25
25 25 64 64 64
64 56 64 64 64 64 56 56 64
72 64 64 72 48 48 0
