63 63 63 63 64 64 64 64
64 64 64 64 64 64
64 64 72 72 72 72 72 72 72
72 56 56 56 56 56 56
56 64 72 63 63 63 63 63 63
63 63 63 56 56 56 63
64 64 64 64 56 56 56 56
56 72
72 72 72 72 72 72 72
72 72 72 72 72 64 64
72 72 72
72 72 72 72 64 64 64 64
64 64 0 0
0 0 0 63 64 64 64
64 64 64 64 64 72 72
45 45 45 72 64 64 64 64
64 64 64 64 64 64
64 64 64 64 64 64 64 64 64 64
64 64 64 64 64 64 64
64 64 64 64 64 64 72 48 48
72 64 72 72 64 64 64
64 64 64 64 64
64 64
64 72 63 63 56 56 63 63
56 56 56 56 63 63 64 64 64
63 56 56 56 63
63 63
63 63 63 72 72 72
72 72 72 72
24 72 72 63 63 63 72
63 72 72 72
63 63 56 56 64 64 56
56 56 56 56 56 56 56
56 56 63 56 56 72 72
72 72 72 72 72 72 72 72
72 72 63 63 72 64
63 72 72 72 72 72 63 56 63
56 56 56 56 56
63 63 72 72 72 72 72
64 64 64 64 64 72 64 64
64 64 64
64 56 56 56 56 56 56 56
56 64 64
36 36 45 45 63 63 63
63 63 36 63
63 63 63 63 63 63 63 63
56 56 56 56 56 63 72
72 72 72 72 72 72 72
72 72 72 72 64 64 64
64 64 64 63
63 63 63 63 64
64 64 36 36 64 64
64 64
64 64 64 56 64 64 64 64
64 64 64 64 64 64 64 64
64 56 63 63 63
63 64 63 72 63 63 72
64 56 56 56 64 63
63 63 63 63 63
64 64 64 63 63 56 56
56 56 56 56 56 56 56
56 56 56 56 56
56 56 56 56 63 63 63 63
63 63 63 63 72 63 63 63 63 63
63 36 36 36 36 36 36 36 36 63
63 63 56 63 63 63 63 63 42 42 63
63 63 63 56 56 56 56
56 56 56
56 56 56 56 64 64 64 64
64 56
56 56 56 56 56 64 56 56 56
63 63 63 63 63 72
63 56 56 56 56 64 56 56 56 56
56 56 32 32 56 56 56
32 32 32 56 56 56 64 63 63
63 63 63
56 56 56 56 56 56
63 72 72 63 56 56 56
8 32 32 8 8 8 8 32 32
56 72
72 72 72 72 72 72 72 72
72 72 48 48 72 72 72 64 56
32 9
36 36 63 63 63 64 72 72
72 72 72 72 56 56 56
56 56 56 63 64 72 72 63
63 63
63 63 63 63 56 56 63
56 56 56 56 64 64
64 72 72
63 56 56 56 63 72 72
63 63 63 56 56 56 56 56 56
56 56 36
36 32 32 63 56 63 63 36 36
36 36 32
56 56 32 32 32 32 32
32 36 36 63 63 63 63
56 56 56
56 56 72 56 56 56 56 56
56 64 72
63 63 63 63 63 63 63 63
63 63 63 63 63
64 63 63 63
63 63 63 56 56 63
63 56 56 56 56
72 72 72 72 72 72
72 56 56 56 56 56 56 56
56 63 63 64 64 63 63
63 63 64 64 64 56
56 64 72
72 72 63 63 63 63 63
63 63 63 63 72
72 63 56 64 72 72 64
64 64
56 56 56 56 56 56 56
56 56 63
64 64 24 24 24 24
64 64 64
72 72 72 56 56 56 56
56 63 63 56 56 56 56
63 63 63 63 64 63 56
63 63 63 63 63 63
63 63 63 63 63 63 63
56 56 56 56 56
64 72 72 64 64 64
64 64
64 64 64 64 64 64 72 72
72 63 63 63 56 56 56 56
56 64 64
56 56 56 56 56 32
32 32 32 32
32 63 63 64 64 64 36
72 64 64 64 64 64
64 64 64 64 64 64 72 63 63
63 63 63 63 63 63 63
63 63
63 63 63 63 63 56 56
56 56 56 63
56 56 56 56 32 8 9 36
64 64 64 64 64 64 72
32 32 32 64 63 64 64 64
63 72
72 63 63 63 63 63 63 63
72 63
56 64 64 64 63 63
56 56 56 63 72 72 64 64
64 64 64 72 72 72 72
63 32 56 56 56 56 56 56 32
32 32 32 32 32 32 63 64
56 56 56 56 56 56 56
64 64 64 56 72 72
64 64 56 64 64 64 64
64 64 64
64 64 64 64 64 64 72 72
56 56 56 56
64 64 72 64 64 64 64
64 64 64 63
63 72 72 72 72 72 72 72
72 72 72 72 72 72 64 64
56 64 64 64 72 72 72 72
72 72 72 72 64 72
72 64 64 64 72 72 64 64
64 56 56 56 56 56 63 63
63 63 63 72 72 72
72 72 72 64 64 72
72 72 72 72 72 72 72
63 56 56 64
72 72 72 72 64 64 64 56 56 56
56 64 63 63
63 63 63 63 63 63 63
64 64 64 72 72 72 72
72 72 63 64 64 64
72 64 64 64 64 64 72
72 72 72 72 72 72 72
72 72 72 45 72 72
72 72 72 72 64 64 64
72 72 72 64 72 72
72 72
56 56 56 56 63 63 63
63 63 63 63 63 63 56
56 56 56 72 72
72 72 72 72 72 72 63
63 36 36 32 56 56 56
63 36
36 63 63 56 56 56 64
64 64 64 56 56 63 63
64 56 56 72
64 64 64 64 64
63 63 63 63 64
64 64 64 64 64 64 64 64 64 72
72 72 72 72 72 72 72
63 63 63 63 63 63 63
63 63 72 72 72 72 72
72 72 72 72 72 72 72
72 72 72 72 64 72 72
72 72 72 64 64 64 64 64 64
64 64 64 56
56 56 64 56 32 32 32 56
56 56 56 32 32 56 56 56 56
72 64 64 64 64 64 64
64 64 56 56 56 56 56
56 56 56 56
56 56 56 63 56 56 56 56
56 64
64 64 64 64 64 64 64
63 63 63 63 64 64 64 64 64 64
64 64 56 56 56 56 56
56 64 64 64 64 64 64 64
64 64 56 64
56 64 64 64 72 72 72 63
63 63 72 72 72 63 63 63
63 63 63
63 63 64 64 64 64 64 64 64
64 64 56 56 64 72
72 72 63 63 63 63 63 72
72 72 72 72
45 30 30 24 30 24 63 63 63 72
72 72 72 72 72 72 72
72 72 72
72 72 72 63 63 63 63 63 72
72 72 72 72 63 56
56 64 64
63 64 64 64 64 64 72 72
72 72 72 72 63 63 63 63
63 63 72 64 64 64 72
72 63 63 63 63 72 72 72 72
72 72
72 72 63 63 63 63 63 63 72
72 72 72 72 72 72
72 72 72 72 72 72 72 72 72
72 63 56 56 32 32 32 32
36 36 36 36
36 63 63 63 72 72 72
72 72 72 64 64
64 64 64 64 72 72
63 63 56 63 63 63 63 63
72 72 72 72 56 72 72 72
72 72 72 72 72 72 72
72 72 72
63 63 63 63 63 63 63
63 72 72 72 72 63 64
72 72 63 56 64 56 56 64
72 72 72 72 56
56 56 63 63 63 63 56 63
63 72 72 72 63 63 56
64 64 64 64 72 63 63 63
56 63 56 63
72 72 72 56 63 64 64
64 64 64 64 64
56 63 63 63 63 63 63 63 63
56 56 56 56 56 56 56 56
63 63
63 63 63 63 63 63 72 72
72 64 64 72 64 64 64 72 63
63 63 72 72
72 63 63 64 64 64 64
64 64 72 63 56 64 64 64 64 64
64 64 64 56 63 56 56 63 63
56 56 56 56 56 56
56 56 56 56 56 56 56 56
56 56
56 56 56 56 56 56
56 56 56 56 56
64 64 64 64 45 45 45 63
56 56 56 63
63 56 63 72 72 72
72 72
72 72 72 72 72 72
72 72 72 72 72 72 64 64 72 72
72 63 56 56 56 56 56 56
72 72 72 72 72 72 72
72 72 72 72 72 72 72
36 32 32 32 36 36 36
64 64 64 72 72 72
72 72 72 72 72 72
72 72 72 72 72 72 56 56 56
63 64 64 64
64 64 56 64 64 72 72 63
63 63 63 63 63 56 56 56 56
56 56 32 32 32 32
32 56 56 56 63
63 63 63 56 56 63 32 56 56
63 42 56 56 56 56 56 64
64 72 63 63
64 64 64 56 56 56 56 64
64 72 56
63 72 72 72 72 72 72
72 72 48 48 72
72 72 63 63 56 56 56
56 56 56 56
56 56 56 56 56 56 56
56 56 56 56 56 56 56 56 64
64 64 64 36 63 63 63
63 63 63 63 63 72 63 63
64 64 64 56
56 56 56 56 56 63 63 56
64 56 56 56 56
72 72 72 72 72 72
72 56
56 56 63 72 72 72 72
72 72 64 56 56 56 56 72 64 64
64 64 56 56 63 63
63 63 63 63 63 63 63 63
63 72 72 63 63 63 63 63 72
72 45 45 63 63 63 63 63
63 63 63 63 63 63 63 63 63
63 63 63
63 63 63 63 63 63 63 63 63
63 63 72 72
63 72 63 63 63 63
63 63 72 72 72 72 56 56
63 64 64 64 64 63 72 72 72
72 63 63 63 63
64 64 64 64 56 56
56 56 72 72 64
64 64 56 56 56 56
56 72 72 72 72 72 72
72 72 48 56 56 56 56
63 72
45 64 64 64 72 56 56 56
56 56 64
56 56 63 64 64 63 63 63 63 63
72 72
56 64 64 64 64 64 64
72 48
48 64 64 64 64 63 63
63 63 63 64
64 64 64 64 56 56 56 63
56 56 56
56 63 63 63 63 63 56
56 56 56 63
63 42 42 42 42 42 42 42 63
63 63 63 63 63 42 56 56 56
56 32 56 56 56 56 56 56 56
64 63
63 63 63 63 63 63
63 63 63 63 63 63
36 36 36 36 36 36 36
36 63
63 63 63 72 72 72
63 72 72 72 63 63
72 56 56 56 56 72 72
72 42 63 63 63 63
56 56 56 56 64 64 63 56
56 56 56 56 56 56 56 56 64
64 64 64 56
56 56 56 63 63 63 63 63
56 64 56
63 63 63 64 64 63 63
63 63 63 56 56 56
63 64 72 72 64
63 63 63 63 63 63
63 72 72 72 72 72 72 63
64 64 64 64 64 64 64 64
64 64 64 63
63 63 63 63 63 63 63 63
63 63 63 63 63 63 63
63 72 64 63 63 63
63 63 63 63 63 63 63 63 63
72 63 63
63 72 63 63 63 63 63 63
63 63 63 63 63 63 63 63 63
63 63 63 63
63 63 63 63 63 63 72
64 64 64 63
63 63 56 56 56 56
63 63 63 63 63 56
56 32 56 56 56 56 64 64 64 64
63 63 63 72 72
72 72 72 63 63 63 63 63
63 63 63 63 63 63 72
72 72 72 72 72 72
72 72 72 72 72 72 72
72 63 63 56
56 63 64 64 64
64 64 64 64 64 64
64 36 36 63 63 63 56
56 32 32 56 56 56 56 56 56
56 36 36
64 63 63 63 63 63 63 63 63
63 63 63 63 63 63 63 64
64 64 64 64 72 63 56
56 56 56 56 56 56
56 56 56 56 56 56 63 63
63 63
63 63 63 63 63 63
63 63 56
56 56 56 56 56 56 56 56 56
72 63 63 56 56 63 56 56 56 56
56 56 56 56
56 56 56 63 72 63 63 63 63
63 63 63 63 63 63 63 63
63 63 63 63 63 56 56 56
56 56 56 63 63
72 72 72 64 63 63 63 63
72 72 64 64 64 64 72 72 63
63 63 63 63 72 72 72 72
72 72 64
64 64 64 64 64 64 64 64
72 72 72 56 56
56 56 56 72 72 64
72 72 30 72 72 72 72 72
72 72 63 63 63 63 63 63
63 24 63 24 24 72
63 63 63 24 63 63 63
63 72 72 72 63 63 63
63 63 63 63 63 63
63 63
72 72 56 56 64 64 63
72 64 63
63 56 56 56 63 64 64 64
64 64 64 64 63 72
72 64 72 72 72 72 72
72 72 72 63 56
63 63 64 64 64 63 56 56 56
56 63 63 63 63 63 63
63 63 63 63 63 63
64 64 32 32 63 63 72 72
63 56
56 56 56 56 56 56 63 63 72
63 63
63 63 72 72 63 63 72 72
72 72 63
63 56 63 64 56 63 63
63 63 72 72 72 72 72
64 64
64 64 72 72 72 63 63
63 63 63
63 63 36 36 63 63 63 63
64 64 64 64 64 64 64 56
63 63 56 56 56 56 56 56 56
56 56 56 56 56 32 32 32
56 64 64 72 63 63 56
56 56 63 63 63
56 56 63 72 72 72 63 63 63
63 63 63 63 63 63 63 63 63
63 63 64 64 56
32 56 56 56 56 72 72 72
72 72 72 72 64 64 72
72 72 72 72 72 72
72 72 72 72 72 63 72 72
72 72 72 72 72 72 72
72 72 72 72 72 72 72 63 63
63 72 72 72 72 72 72 72 72
36 36 32 32 32 36 36 36 36
36 36 63 64 64 64 72
63 63 64 64 64 64 64 64 64
64 63
63 36 36 72 72 72 72 63
72 72 63 56 72 72 72
72 72 72 72 56
64 64 64 72 64 64 64
64 64 64 64 64 64 64 64 64
64 56 56 56 56 56
56 56 56 63 63 72 72
64 64 72 72 72 64 64 64
64 64 64
64 64 64 64 64 64 64 64
64 64 64 64 64 64 64 64
56 56 56 56 56 56 32 32 56
56 64 72 72 72 30
72 72 72 63 32 56 56 56 56
64 64 64 64 64
64 64
64 64 64 64 64 64 64 64 64
64 56 56 56 56 56 63
64 64 64 64 64 64 64 64
64 72
72 72 72 72 63 56 56 56 56 63
56 63 56 63
63 63 63 63 63 72 72
72 45 72 72 63 63 64
64 64 64 64 64 72
72 72 72 72 72 72 72 72
72 72 72
72 30 30 30 72 72 72 72 63
63 63 63 63 63 56 56 56 56
56 56 64 64 56
56 56 56 56 56 32 32 32
32 32 56 56 56 56
63 56 64 64 63 72 72
72 72 72 64 72 72 72
72 72 72
64 64 63 56 72 72 64 64 64
64 64
64 64 64 72 72 72 72 72 72
72 72 72 72 72 72 72 32 32 32
32 32 32 32 32 32 36 63
56 56 56 56 56 56 56 56 56 56
63 63 63 56 56 32 32 56 56 56
56 56 56 32 56 56 32 63
63 72 72 72 72 72 72 72 72
72 72 72 72 72 63 63 56
72 72 72 72 72 72 72 72 72
64 63 64 64 64 64 64 64 64
64 64
64 64 64 64 64 64 64 64 64
56 56 63 63 56 56
63 72 72 72
72 72 72 72 72 72 72 72 72
72 72 72 72 72 72 72 63
36 36 63 63 63 63
72 72 72 72 72 72 72 72 72 36
36 36 36 36 36 36 36
36 36 36 36 63 63
36 36 63 63 63 63
36 36 36 36 36 36
36 36 36 36 63
63 36 36 36 36 36 36
36 63
72 72 72 72 72 64 64
63 63 63 56 56 56 32 32
32 32 32 32 36 36
36 36 36 36
36 36 36 36 36 36 63
63 63 63 63 63 63 63
63 63 63 63 63 63 63 63
63 72 64
64 64 64 72 63 63 63 63
63 72 72 72 72 72
72 72 72 72 72 72 72 72 72 72
72 72 63 63 63 63 63 63 63
63 63 63
63 63 63 72 63 63 64 72
42 64 64 64 64 64 64
64 64 64 64 64 64 64 64
63 63 63 63 63 63 63 63 36
24 63 63 63 63 64 64 64
64 64 64
64 64 64 64 64 64 64 64
64 64 64 64 64 64 63
72 72 72 72 72 72 72 72
72 72 72 72 72 72 72 72
72 56
64 56 56 56 56 64 64
64 64 64 56 56 56 56 56 56
56 56
56 56 56 56 56 56 56
56 56 56
56 56 56 63 63 63 63 63
72 72 72 72 56 56 56
64 56 56 56 56 63 63 63 63
63 63 63 63 63 63 56
64 63 63 63 63 63
63 72 72 63 56 56 56 56 63
63 72 64 72 72 72 72 72
72 72 72 72 72 72 72
72 72 72 72 72 72 72
72 72 63 63 63 36 72 72
72 64 64 64 64
72 72 63 72 72 72 63 72
72 72 72 72 72 72 72 72
64 64 63 64
64 64 64 64 64 64 64 64 64
64 64 64 56 63 63
63 63 63 56 56 36 36 63 63
63 64 64 64 64 64
64 64 64 64 48
48 72 72 72 72 72 64 64 64
64 64 64 64 64 64
64 64 64 64 64 64
63 63 63 63 45 72
72 72 72 72 72 72 72 0 0
0 0
