56 63 30 30 30 64 64
64 63 64 64 64 64
72 64 64 64 64 64
64 63 63 64 64 63
63 63 64 64 64 63
63 63 64 64 64 64 63 63
63 63 64 64 64 64 64 64
64 64 72 72 64 64 64 63 72
72 64 64 64 64 64 64 64
64 64 64 63 63 63 63
63 64 64 64 64 64
64 63 64 64 64 64 64
64 64 64 0 64 63 63 64 64
64 64 64 64 72 63
63 63 63 63 63 63 63 63
63 63 63 63 64 64
64 64 64 63 63 63 64 64
64 64 64 64 64 64 64 64
64 64 63 64 64 64 64 64
72 64 64 64 64 64 64 63
63 63 64 64 64 64 64
64 64 64 64 64 24 24
24 24 24 24 64 64 64 64 64
64 63 63 63 56 56 56 64 64
64 64 64 64 64 64 63 64 64
64 64
64 63 63 63 63 63 63 64 64 64
64 63 63 64 64 64
64 63 56 64 64 64 63
72 64 64 64 64 64 64
64 64 64 64 64 64 63
64 64 64 64 64 64 63
63 64 64 64 64 64 64 72
64 64 64 64 63
64 64 64 64 24 24 24 24 63
64 64 64 64 64 64
63 63 63 63 63 63 63 63 63
63 63 63 63 63 63 63 72 72
72 63 63 63
63 63 63 63 63 63 63
63 63 63 63 63 63
63 63 63 63 63 63 63
63 63 63 63 63 63
63 63 63 63 63 64 64
63 63 63 72 72 64 64 64
64 64 72 72 72 64
64 63 63 63 64 64 64 64
63 63 64 64 64 64 64 64
64 64 64 64 64 64 64 64
64 64 72 63 63 64 64 64
64 63 64 64 64 72
63 63 63 64 64 64
63 63 64 64 64 64 64
64 64 64 64
64 64 64 63 63 63 63 63 63
64 64 64 64 64 64 72 64
64 64 64 72 63 72 64 64 64
64 64 64 64 64 72 64 64
63 64 64
63 63 63 63 63 63 63 63
63 64 64 63 63 63 63
63 63 63 63 63 63 63
63 63 63 63 63 63 63
63 63 63 63 63 63
63 63 63 63 63 63
63 63 63 63 63 63
63 63 63 63 63 63 63 63 63
63 63 63 63 63 63 63
63 63 63 63 63 63
63 63 63 63 63 63 63
63 63 63 63 63 63 63
63 32 64 72 72 72 64 64
64 64
63 63 64 64 56
64 72 72 72 56 64 64 63 63 63
63 72 64 64 64 64
64 64 64 64 64 63 63 63 64
64 64 64 63 63 63 63
63 63 72 64 64 64
64 64 72 72 64 64 64
64 64 64 40 64 64
64 40 64 64 63 64 64 64
64 63 63 63 64 64 63 63
63 64 64 64 64 64
64 63 63 64 64 63 63 64 64
72 72 64 64 64 63 63 63
64 64 64 64 64 64
64 64 64 63 63 63 64 64 63
64 64 64 64 64 64 64 63
63 63 63 63 63
63 63 63 63 63
63 63 63 63 63 63 63
63 63 63 63 63 63
63 63 63 63 63 63 63
63 63 63 63 63 63 63
63 63 63 63 63 63 63 63
63 63 63 63 63 63 63
63 63 63 63 63 63 63 63 63 63
63 63 63 63 63
63 63 63 63 63 63 63
63 63 63 63 63
63 40 40 64 64 64
64 64 63 63 63 63 64 64 64
64 64 64 64
63 63 24 24 64 64 63
72 64 63 63 63 64
56 72 72 72 64 72
63 63 64 64 64 64 64 63 63
63 64 64 64 64 64
63 63 72 64 64 64 63 63
63 72 72 64 63
63 63 56 56 63 63
63 64 64 64 63 64 64 64
64 64 64 56 64 64 64
64 64 64 64 63 63
64 64 64 64 64
63 64 63 56 64 64 64
56 56 56 64 64 63 63 63
64 64 64 72 72 64 64
64 64 64 64 64 64
63 63 63 56 64 64 64 64
64 63 63 63 63
63 63 63 63 63 63 63 63
63 63 63 63 63 63 63 63
63 63 63 63 72 72 63 63
72 63 63 63 63 63 63 63
63 63 63 63 63 63 63
63 63 63 63 63 63
63 63 63 63 63 63
72 64 64 64 64 64
64 64 64 64 64 64 63
63 63 72 64 64 64 64
64 56 63 63 63 63 63
64 64 64 64 64 64 63
63 63 63 63 63 64 64 64
63 63 63 63 63 64 64 64
64 72 64 64 64 64 64
64 64 64
63 63 63 63 64 64 64 63
63 63 64 64 64 64 64
64 56 64 56 64 64 64 56 56
56 64 64 64 63 63 56 64 64
63 63 63 63 64 64 64
32 56 64 64 64 64 64
64 63 63 63 64 63 63 63
63 56 64 64 64 63
63 64 63 63 56 56
64 64 64 64 63 63 63
63 64 64 63 63 64 63
63 63 63 63 63 63 64 64 72
72 64 64 64 64 64 63 63 63
63 64 64 63 63 63 63 63
64 64 64 64 64 64 64 64
64 64 63 63 0
