63 63 63 63 63 63 63 63 63
63 63 63 63 63 63 63
63 63 63 72 63 63 63 63 63
63 63 63 63 63 63 56
56 63 63 63 63 63 63 63
63 63 63 63 63 63 63 63 63
63 63 63 63 63 63 63
63 63 63 63 63 63 63 63
63 63 63 63 63 63 63 63 63
63 63 63 63 63 63 63
63 63 63 63 63 63 63 63
63 63 63 63 63 63
63 63 63 63 63 63 63 63 63
63 63 63 63 63 63 63
63 63 63 63 63 63 63 63 63
63 63 63 63 63 63 63 63
63 63 63 63 63 63 63 63
63 63 63 63 63 63
63 63 63 63 63 63 63 63
63 63 63 63 63 63 63 63 63
63 63 63 63 63 63 63 63
63 63 63 63 63 63 63 63
63 63 63 63 63 63 63
63 63 63 63 63 63 56 63
63 63 63 63 63 63 63
63 63 63 63 63 63 63 63
63 63 63 63 63 63 63
63 63 63 63 63 63 63 63
63 42 42 42 42 63 63
63 63 63 63 63 63 63
63 63 63 63 63 63 63 63
63 72 72 72 63 63 63
63 63 63 63 63 63 63 63
63 63 63 72 72 63 63 63
63 63 63 63 63 63 63
63 63 63 63 63 63 63 63
63 63 63 63 63 63 63
63 63 63 63 63 63 63
63 63 63 63 63 63 63
63 63 63 63 63 63 63
63 63 63 63 63 63 63 63 63
63 63 63 63 63 63 63
63 63 63 63 63 63 63
63 63 63 72 72 72 72
72 72 63 63 63 63 63 63
56 49 64 56 63 63 56 63 63
63 72 63 56 63 63
72 63 63 63 63 63 63 63
63 63 72 56 56 56 49 56
56 56 63 63 63 64 63
56 63 63 63 63 63
63 63 63 63 63 63 63 63
72 63 63 63 63 56 63 63 63
63 63 63 63 63 63 63 63 63
63 63 63 63 63 63 63
63 63 63 63 63 63 63 63
63 63 63 63 63 56 56 63
63 63 63 63 63 63 63 63 63
63 63 63 63 63 63 63 72
63 63 63 63 63 63 63 63
63 63 63 63 63 63 63
63 63 63 63 63 63 63
63 42 21 21 63 63 63
63 63 63 63 63 63 63
63 63 63 63 63 63 63 63
63 63 63 63 63 63
63 63 63 63 63 63 63 63
63 63 63 63 63 63 63 63
56 56 63 63 63 63 63
63 63 63 63 63 63 63 63
63 63 63 63 63 63 56 56
63 63 63 63 63 63 63
63 63 63 63 63 63 63 63
63 63 63 63 63 63 56
63 63 63 63 63 63 63 63
63 63 63 63 63 63 63
63 63 63 36 63 72 63 63 63
63 63 63 63 63 63 63
63 63 63 63 63 63
63 63 63 63 63 63
63 63 49 64 63 63 63 63
63 63 63 63 63 63
63 63 63 63 63 63 63
63 63 72 63 63 42 42
63 63 63 63 63 63 63 63
63 63 63 63 63 63 63
63 63 63 63 63 63 63 63
63 63 63 63 56 63 63
63 63 63 63 63 63 63 72
72 63 63 63 63 63 63 63
63 63 63 63 63 63 63 63
63 63 63 63 63 63 63
63 63 63 63 63 63 63 72
63 63 63 63 63 63 63 63 63
63 63 63 63 63 63 72
72 72 72 81 63 63 63 63 72
72 72 45 45 45 63 63 63
63 63 63 63 63 63 63 63
63 24 24 24 63 63 72 72 63
63 63 63 63 63 63
63 63 63 63 63 63
63 63 63 63 63 63 63
63 63 63 63 63 63 63 63
63 63 63 63 63 63 63 63
63 63 63 63 63 63 81
72 72 72 63 63 63 63 63
63 63 63 63 63 63 63 63 63
63 63 63 63 63 63 63 63
63 63 63 63 63 63
63 63 63 63 63 72 72
63 63 63 63 63 63 63 63
63 63 63 63 63 63 63
63 63 63 63 72 72 72
63 63 63 63 81 81 72 63
63 63 63 63 63 63 63
63 63 63 63 63 63 63 63 63
63 63 63 63 63 63 63
63 63 63 63 63
63 63 63 63 63 63 63 63
63 63 56 64 64 64 64 63
63 63 63 63 63 63 63 63 63
63 63 63 63 63 63
63 63 63 63 63 63 63 63 64
64 63 63 63 63 63 56 63
63 63 63 72 72 63 63
63 56 63 56 63 63 63 63
63 63 56 63 63 63 63 63
63 63 63 63 63 63
63 63 63 63 63 63
63 63 56 64 63 63
72 72 63 63 63 63 63 63
63 63 63 63 63 63 63
63 63 63 63 63 63 63
63 63 63 63 63 63 63 63
63 63 63 63 63 63 63
63 63 63 63 63 63 63
63 63 63 63 63 63
63 63 63 63 63 63 63
63 63 63 63 63 63 63 63
63 63 63 63 63 63 63
63 63 63 63 63 63 63
63 63 63 63 63 63 63 63 63
63 63 63 63 63 63
63 63 63 63 63 63
72 72 63 72 72 72 63
63 63 72 63 63 63 63 63
63 63 63 63 63
63 63 63 63 63 63 63
63 63 63 63 63 63 56 63
63 63 63 63 63 63 63
63 63 63 63 63 63 63
63 63 63 63 63 63 63
63 63 63 63 63 63 63
63 63 63 63 63 63 63
63 63 63 63 63
81 63 63 63 63 63
63 63 63 63 63 63 63
63 63 63 63 63 63 63
63 63 63 63 63 63 24 24 24 24
24 63 63 63 63 63
63 63 63 63 63 63 63 63 63
63 63 63 63 63 63 63
63 63 63 63 63 63 63
63 63 63 63 63 63 63
63 63 63 63 63 63 63 63
63 63 63 63 63
63 63 63 63 63 63
63 63 63 63 63 63 63 63
63 63 63 63 63 63 63
63 63 63 63 56 63 63 63
63 63 63 63 63 63
63 63 63 63 63 63 63 63 63
63 63 63 63 63
72 72 72 63 63 63 63
63 63 63 63 63 63 63 63
63 63 63 63 63 72 63 63 63
63 63 63 63 56 63 63
63 63 63 63 63 63 63
63 63 63 63 63 63 63 63
63 63 63 63 63 63
63 63 63 63 63 63 63
63 63 63 63 63 63 63
56 63 63 63 63 63 63
63 63 63 63 63 63 63 63
63 63 63 63 63 63 63 63
63 63 63 63 63 63 63
63 63 63 63 63 63 63 63 63
63 63 63 63 63 63 63
63 63 63 63 63 63 63 63 63
63 63 63 63 63 63 63 63
63 63 63 63 63 63 63 63
63 63 63 63 63 63 63 63
63 63 63 63 63 63
63 63 63 63 63 63 63 63 63
63 63 63 63 63 63
56 63 63 63 63 63 63 63
63 63 63 63 72 63 63 63
63 42 24 63 63 63 63
63 63 63 63 63 63 63 63 63
63 63 63 63 63 63 63 63
63 63 63 63 63 63 63
63 63 63 72 72 63 63
63 63 63 63 63 63 63 63
63 63 56 63 63 63 63
63 63 72 63 63 63 63
63 63 63 63 63 63 63
63 63 63 63 63 63 56 63
63 63 63 63 63 63 63 63
63 63 63 63 63 63 63 63
63 63 63 63 63 63 63
63 63 63 63 63 56 56
56 63 72 63 63 63 63
63 63 63 63 63 63 63 63 63
63 63 63 63 63 63 56 56
63 63 63 64 63
63 63 63 63 63 63
63 63 63 63 63 63 63 63
63 63 63 63 63 63 63
63 63 72 72 72 72 63 63
56 63 63 63 63 63 63
63 63 63 63 63 63 63
63 63 63 63 63 63 63 63 63
63 63 63 63 63 63 63 63 63
63 72 63 63 63 63 63 63
63 63 63 64 63 63 56 63
63 63 63 63 63 63
63 63 63 63 63 63 63 63
63 63 63 63 63 63 56 63
63 63 63 63 63 63 63 63
63 56 56 63 63 63
63 63 63 63 63 63 63
63 63 63 63 63
63 63 63 63 63 63 63
63 63 63 63 56 63 63 63 63
63 72 63 63 63 63 63
63 63 63 63 56 63
63 63 63 63 63 63 63 63
63 63 63 63 63 63 63
63 63 63 63 63 63 63
63 63 63 63 63 63 63 63 63
63 63 63 63 63 63 63 63 63
63 63 63 63 63 63 63 63
63 63 63 63 63 63 63 63
63 63 63 63 63 63 63 63
63 63 63 63 63
63 63 63 63 63 63 63 63
63 63 63 63 63 63 63 63 63 63
63 63 63 63 63 63 63
63 36 36 36 72 63
63 63 63 63 63 63
63 63 63 63 63 63 63
63 63 63 63 63 63 63 63 63
63 63 63 63 63 63 63 63
63 63 63 63 63 63 63 56
56 56 56 56 49 49 56 56 56
64 63 63 63
63 63 56 63 63 63 63 72
56 64 63 63 63 63 63 63
36 36 36 72 72 63 63 72
72 72 72 63 36 36 81
72 63 63 72 72 63
63 63 63 63 63 63 56
56 56 56 56 63 63 63
63 63 63 63 63 63 63 63
72 63 63 63 63 63
63 63 63 63 63 63 63 63
63 72 63 63 63 63 63 63
63 63 63 63 63 63 63 63
63 63 72 63 63 63 63
63 63 63 72 63 63 63 63
63 63 63 0
