63 63 63 63 63 64 64
64 64 64 64 64 63 63
63 63 24 63 64 64 64
64 64 40 32 32 32
0 0 63 63 64 64 64
64 64 64 64 64 64 64
64 64 64 64 64 64 64 64
64 64 64 64 64 64 64
64 64 64 64 64 56 56 64 64
64 64 64 64 64
48 48 72 72 72 72
72 64 64 64 64 64 64 64
64 64 64 64 64
64 64 64 64 63 63
63 63 63 63 63 63
45 36 63 63 63 63 63
63 36 36 63 63 63 64
32 32 32 32 56 56 56
56 32 64 64 64 64
64 36 36 63 64 64 64
64 64 64 64 42 64 42 56
63 64 63 56 48 64
24 63 63 63 63
63 56 32 32 32 56 56 64
64 64 64 64 64 64
64 63 63 63 63 64
64 63 63 56 72 63 36 64
24 63 63 63 63 64 64 64
64 64 64 72 63 63
63 63 63 63 63
63 36 36 72 72 72 63 63 63
63 63 72 72 72 72 63
63 63 72 72 72 64 64
64 63 63 63 64 64 64 64
64 64 64 64 64 63 64
64 64 64 64 64 64 56 64
64 63 63 63 63 63 63
63 63 64 64 64 64 64
63 63 63 63 64 64 64
64 64 64 64 64 64 64
64 63 56 64 64 64
64 64 56 64 64 64
64 64 56 64 64 64
64 64 64 56 56 56
56 56 56 56 56 56
56 63 72 72
72 63 72 72 72 72
72 72 63 63 63 63
63 63 63 63
72 72 72 63
63 63 63 64 64 64
64 64 64 64 64 64
64 64 64 63 63 63 63 63
72 64 64 64 64 64 64
64 64 72 64 63 64
56 56 56 32 56 56 64 64
64 64 64 64
64 64 64 64 64 64 64 64
64 64 24 24 24 24 24
24 64 64 64
72 63 63 63 72 64 64 64
64 63 63 24 24 24
24 24 24 24 64
56 56 24 24 24 24 64
64 64 64 64 64 64 64
64 20 40 64 20 35 64 64 64
63 63 63 63 63 63 63 63
63 63 64 63 63 63 63
63 63 63 63 63 63 63 64 64 63
64 64 64 64 64 64 63 63 56
56 56 64 56 56 56 64
64 64 72 56 56 56 63 63
64 64 64 64 64 64
64 64 56 56 56
64 64 64 64 64 64 64
64 64 64 56 64 64 56 64
64 64 56 0 0
0 0 0 0 0 0 0 0
0 0 0 63 72 64 64 64
56 56 32 63 63 56 64 63
63 63 63 63 56 56 56
56 64 32 32 56 56 56 56
64 32 36 36 36 36 36
36 36 36 36 36 36
36 36 36 36 36 36
36 63 63 36 63
63 63 63 63 63 63
36 9 9 36 36
36 56 64 64 64 64
0 0 0 0 0 0 0 42 42
42 42 63 63 63 45 45
72 72 48 30 30 18 18 18 18
18 18 18 18 18 18 18 18 18 18
18 72 72 48 48 24 48
48 48 30 30 30 30 30 48 30
18 18 18 36 36 20 5 5
20 20 20 20 20 32 32
56 64 64 64 64 64 48 48 48
48 63 72 72 63 56 56
64 64 63 63 64 64 64 64 64
64 64 64 64 64 64 64
64 56 56 64 64 64 64 0
0 0 72 72 72 72 72
72 72 72 72 72 72 72 63
63 63 63 63 63 72 72 63
63 36 36 36 63 72 72
72 72 72 72 72 72
72 72 48 72 64 64
64 63 0 0 0 0
0 0 0 0 0 0 0 0
9 9 9 36 36 63 63
63 63 56 56 35 35 63 63
36 9 9 9
9 9 9 9 36 9 9 9 9
9 9 9 9 63 64 64
0 0 0 0 0 0 0 0 0
0 0 24 24 24 24 56
63 42 42 24 42 42 63
63 63 63 42 24 24 24 24 30
24 42 24 24 24 24
24 24 24 24 24
24 24 24 24 24 24 24
24 24 24 24 24 24 24 24 24
24 24 24 24 30 30 24 24
24 24 24 24 24 24 24 24 24
64 64 64 64 56 56 56
56 64 64 63 63 56 64 64
64 64 64 64 64 63 72 64
64 64 64 64 64 72
72 72 72 63 36 36
36 40 40 45 72 64 64
64 63 56 64 64 64 64
64 24 63 63 63 63 63
63 24 24 24 24 63 63 24 24
63 63 63 64 64 0
0 0 0 0 0 0 0 0
0 56 56 56 63 63 63 63
63 36 24 63 63 24 63
63 63 63 63 63 36 9 9
36 36 36 36 36 36 36 63
63 63 63 63 36
36 36 36 36 64 64
64 64 63 72 63 36
63 63 36 63 63 63 36
72 72 72 63 63 63
63 63 63 36 36 36 36
72 72 63 63 72 72 72
72 72 72 72 72
36 64 64 64 32
32 32 32 32 32 32 32
63 63 63 63 63 36
36 36 36 63 63 63
63 63 63 63 56 64 64 64
56 56 56 56 64 64
64 64 64 64 64 64
64 64 32 32 32 32 56
64 64 64 64 64 64
64 0 0 0 0 0 0
0 0 0 72 72 64 64
56 63 56 32 64
64 56 64 64 64 64
64 64 45 40 64 64 64 24 24
63 63 63 56 64 64
64 42 48 48 48 48 48 48 48
48 42 48 48 48 42 56 56
56 56 42 64 64 64 64 64
64 64 63 63 63 63 42 63 63 63 63
63 63 63 63 63 72 63
63 63 63 63
63 63 63 63 63 63 63
63 3 24 64 64 64 64
64 63 63 63 63 63 63
63 64 64 64 64 63 63 63 63
63 63 63 63 63 64 64
64 64 64 64 64 64 64
64 64 64 64 0 0
0 0 0 0 0 63 56
56 56 56 64 64 64 63
63 63 36 36 36 36
36 36 36 63 72 63 63
63 63 72 63 63 72
63 63 63 63 63 63 64 64
63 63 63 63 63 63 63
63 63 63 36 72 72
72 72 72 72 72 72 72
63 63 63 63 63 63
63 63 63 56 56 63 63 63 64
64 64 64 63 63 63 63 56 64 64
64 56 64 64 63 63 63 56 63 63
63 63 63 63 63 63 63
63 63 63 63 63 63 63 63 63
63 63 24 24 24
63 63 63 63 63 63
63 63 45 45 45 36 45 45 45
45 72 72 72 72 63 63
36 63 63 63 63 63 63
63 63 63 36 63 56 56
56 56 56 56 63 63 63 63
63 63 63 63 63 63 63 63 72
56 56 56 56 56 56 56 56
56 64 64 64 64 56
72 72 64 64 64 63 63 63 56
56 56 63 63 63 63
63 63 63 63 63 63 63
63 63 56 64 64
64 64 64 64 64 64 64
56 64 64 64 64 64 63
63 63 63 63 63 63 63
63 63 63 63 63 63
63 63 72 63 24
24 63 63 63 63 63 63 63
63 63 63 63 63 36 63
63 63 63 63 63
63 36 36 36 63 63
63 63 63 63 63 63 63 63
63 63 63 63 72 72 63 63
63 63 63 63 63 63
63 63 63 63 63 63 63
63 63 63 63 63 63 63
63 63 63 63 36 63 63 36
36 36 63 63 63 63 36 36 36
36 36 36 36 63 63 63 63
64 64 64 64 64 64
64 64 64 64 63 64 64
64 64 63 56 56 56 56
56 63 63 63 63 72 72 72 72 72
72 72 72 63 63 63
63 63 63 63 63 63
63 63 63 72 72 72
63 72 63 63 64 64 64 64
64 64 64 64 64 64
63 63 63 63 63 63 63 63
63 56 56 56 56 56 56 56
63 56 64 56 56 56 64
64 64 64 64 64 56
56 64 63 63 30 63 63
63 63 63 63 63 63 63 56
56 64 56 56 56 56 56
56 56 56 56 56 56 56
64 64 64 63 63 72 72
45 63 63 72 63 63 63
63 63 63 63 63 72 64 64
64 64 64 64 63 24 64
64 64 64 25 64 64 64 64
64 64 64 64 63 63 63
63 63 56 56 56 56 56 56
63 72 72 72 72 72 72 72
72 36 36 72 72 72 72 72
72 72 72 72 72 48 48 48 72
72 72 72 72 72 72 72 63 63
63 63 63 63 63 63 63 72
64 64 64 64 64 64 64
64 64 32 32 32 56
64 64 64 64 64 64 64
64 72 63 63 64 64
72 72 63 63 63 63
63 63 63 63 63 63 0 0
