49 49 56 36 24 56 56 56
49 56 56 56 56
56 49 49
35 56 56 56 63 63 63
56 56 49 49 49 49 56
56 56 56 56
56 56 49 49 56 56
56 36 63 42 56 56
35 49 49 49 35 49
49 35 56 35 56 56 49
49 49
56 20 49 49 35 35 56 56
35 35 49 56 56 56
49 56 49 32 56 56 56
49 49 49 49 56 56 49 49
49 56 49 56 56 56
56 56 49 49 49 49 49 56 56
49 49 49 49 56
56 56 56 56 56 56
56 56 49
28 49 56 56 56 56 56 56
56 56 56 56 56 63
56 56 56 35 35 35
56 49 56 56 56 56
56 56 56 56 56 56 56 56
56 56 56 56 56 56 56 63
63 63 63 56 56 63 56
56 56 56 63 56 56 56
56 36 63 63 56 56 56 56
56 56 56 56 56 56 56 56
56 56
56 56 56 56 42 56 56 56
56 56 56 56 56 56 56
56 56 56 56 56
56 56 56 56 56 56 20 49
49 49 56 32 32 56 56 49 49 56
35 56 35 35 49 49 56 56
56 56 56 56 56 56 56
49 49 49 56 56 56 56 56
56 63 63 63 56 56 56 56
56 56 56 56
56 56 56 56 56 56 56
56 56 56 56 56 56 56
56 49 49 49
56 56 56 56 56 63 63
63 63 63 63 56 56 56
56 56 35 49 56 56 49
49 56 56 56 56 63 56
56 56
56 56 56 56 56 56 56 56 56
56 56 56 56 56 63 63 56
56 56 56 56 35 49 49 49
49 49
49 49 56 35 35
56 56 49 49 49 64 56 56 56
56 56 56 56 56
56 56 56 56 63 63 63
63 56 56 64 56 56 35 56
64 64 63 63 63 56 56 56
56 20 20 16 16 16
49 49 49 49 49 49
28 28 28 28 49 49
56 56 16 16 49 56 56 20
16 49 49 49 49 49 49
49 28 56 56 56 56 56 56 56
56 56 56 56 56 56 56
56 56 63 63 63 56 56 56
49 49 49
56 56 49 56 56 56 49
56 56 56 56 56 49
49 56 56 56
56 49 49 49 49
49 49 49 56 49 28
49 49 56 56 49 49 49
49 63 63
0 0 0 0 0 0 0 0
0 0 0 0 0
0 0 0 0 0
49 56 20 49 49 49 35 49
56 56 63 63 56 56
49 49 56 49 49 49 49 49
56 56 56 56 49 49
49 49 49 56 56 49 56 56
56 56 56 56 56
56 63 63 63 63 63 63
63 63 56 56 56 56 56
56 56 56 56 56 49
56 56 56 63 63 63 56 56
56 56 56 63 63 63 63
63 63 56 56 56 0
0 0 0 0 0
0 0 0 0 0 0 0 0
56 56 56 56 56
56 56 63 35 35 56
56 56 56 56
63 63 63 56 56 56 56
56 56 56 56 56 56
56 56 49 49 49 56 56 56 63
56 49 49 49 49
49 49 49 49 28 49
49 49 49
56 63 63 63 36 32
32 56 56 56 56 56
56 56 56 56 56 49 56
49 49 49
49 49 56 63 63 63 63
56 56 56 56 56 49
49 49 49 49 56
56 56 49 49 56 56 49 49
56 56 56 56 56 56 63 36
63 63 63 63 63 56 56 63
63 63 42 63
56 63 63 56 56 56
56 56 56 56 56 49 49
56 56 36 36 63 63 63
63 56 56 63 63 56
56 63
63 63 63 56 56 56
56 56 56 56 56
56 56 56 56 56 49 49
49 49 56 56 56 56 56
56 56 56 56 49 49
49 49 49 49 49 56 49
20 20 49 35 35 32
32 20 35 35 56 20 20
28 20 20 28 28 28 28 28
56 35 56 56 49 49 49 49 56
32 63 63 56 63 63 63
63 63 63 63 56 56
56 63 63 63 63 56 56
32 32 56 56 56 35
63 63 63
63 63 63 56 56 56 63
56 20 20 49 56
56 63
56 56 56 56 56 56
56 56 56 56 32 20 56 56
56 56 63 63 63 63
63 56 56 56 56 56
56 56 56 56
56 56 56 24 24
63 36 56 56 63 63
63 63 63
63 24 24 56 56 36
36 36 0 0 0 0 0
0 0 0 0 0 0
0 0 0 0 0
0 0 0 0 0 0 0
0 0 0 0 0
0 0 0 0 0 0 0 0 0 0 0
0 0 0 0 0 0 56
35 56 56 56 35
56 56 56 56 56 36
32 56 56 56 56 56 56
56 56
56 56 56 56
56 56 56 56 56
25 0 0
0 0 0 0 0 0 0 0
0 0 0 56 56 56 56 56
56 56 56 56 56 56
56 56
63 63 56 56 32 56 36
63 56 56 32 32 32 32 56
49 49 49 0 0 0 0 0 0
0 0 0 0 0 0 0 0
0 0
0 0 0 0 0 0
0 0 0 0
0 0 0 0 0 0 0 0
0 0 0 0 0 0 0
0 0 0 0 0 0
0 0 0 0 0 0 0 0
0 0 0 32 56 56 56
56 56 56 56 63 63 63
32 32 36 36 36 36 36 56 56
56 56 56 56 56 56 56
56 56 56 56 56 64 56
56 63 64 56 56
56 56 56 56 56
56 56 56 64 56 56 56
56 56 56 56
56 16 16 49 49 49 49
49 16 49 16
49 56 63 63 36 36
36 36 36 56
63 63 63 63 63
63 63 56 56 56 56
56 32 56 56 56 56
32 32 56 56 56 56
20 56 56 36
56 56 56 56 56 56 32 63 63
63 42 63 63 36
56 56 56 56 56 32 56 56 56 32
32 32 56 56 56 56 56 56
56 56 56 49 49 56
63 56 36 36 36 36 36
56 56 56 56 56 36 36 63 63
36 63 63 56 56 20 49 49
20 20 49 49 56 63 63
63 63 63 56 56 56 56 56
56 56 56 63 63
63 63 56 56
56 56 32 56 56 56 56
56 56 56 56 56 56 56
49 49 56 56
56 64 56 56 64 56 56 64 56
56 56 63 63 56 56 56 56
56 56 56 56 56 56
56 56 56 56 56 56 56
32 56 56 56 32 56 56 56
56 56 56
56 56 56 56 56 63 63
63 63 0 0 0 0 0 0
0 0 0 0 0 63 56 56
56 63 63 56 49 49
49 56
36 63 63 63 63 63 64
35 56 56 56 56
56 20 20 16 16 16 20
16 16 16 20 20 16 16
28 28 16 20 20
28 20 20 20 20 20 32
20 56 36 24 24 36 36 32
56 56 56 56 56 56 56 63 63 63
63 63 63 63 63 63 63 63
63 63 56 56 56 56
32 56 32 32 32 56
56 32 56 56 56 56
56 32 32 20 20 35
35 35 35 35 35 35 35 35
35 49 49 49 49 56 56 56 32
56 56 56 32 56 56
56 56 56 56 56 56
63 63 63 63 56 56 49 49
56 56 56 49 56 56 56 56
56 56 56 56 32
56 56 56 24 56 56
56 72 0 0 0 0 0 0 0
0 0 0 0
0 0 0 0 0 0 0
0 0 0 0 0
0 0 0 0
0 0 0 0 0 0 0 0 0
0 0 0 0 0 0 0 0 0
0 0 0 0 0 0
0 0 0 0 0 0 0 0 0
0 0 0 0 0 0 0
0 0 0 0 0 0 0
0 0 0 0 0 0 0
0 0 0 0 0 0 0 0
0 0
0 0 0 0 0 0 0
0 0 0 0 0
0 0 0 0 0 0 0 0
0 0 0 0 0
0 0 0 0 0 0
0 0
0 0 0 0 0 0
0 0 0 0 0 0
0 0
0 0 0 0 0 0 0
0 0 0 0 0 0
0 0 0 0 0 0 0 0
0 0 0 0 0
0 0 0 0 0 0 0 0
0 0 0 0 0 0 0 0
0 0 0 0 0 0 0 0 0
0 0 0 0 0 0 0 0
0 0 0 0 0 0 0 0
0 0 0 0 0 0 0 0
0 0 0 0 0 0 0 0 0
0 0 0 0 0 0 0 63
63 63 63 63 63 63 63 63
56 56 56 63 56 56 56 56
20 56
56 49 56 16 49 49
28 16 16 16 16 16 16
20 20 20 35 20 35 20 35 56
32 20 56 56 32 56
36 36 56 56 56 56 56 56
56 56 56 56 49
56 56 49 49 56 56 56
56 56 63 63 42 63 56 56
56 32 56 20
56 56 63 36 24 32
56 56 64 64 64 56 56
63 36 36 56 56 56 56
56 63 63 63 63 63 63 63
42 63 63 63 63 56 56 56
32 56 56 49 56 56 56 56
56 32 20 56 56 56 56
56 56 56 63 63 63 63 56 56
63 56 56 56 56 56 56
56 56
56 56 56 32 32 32 56 56
56 32 32 56 56 56
32 32 32 56 56 20 20
32 56 56 56 56 56 56 56
56 20 49 56 56 56 32
56 56 56 56 56 49 56
63 63 63 63 63 63 63
63 63 63 56 49 56
56 56 49 49 49 56
49 56 56 56 32 49
49 49 56 56 56 56 63
63 63 63 63 56 56
56 63 63 63 63 63 56
56 56 56 56 56 56 32
56 56 32 32 32 56 56
32 56 32 32 56 0 0
0 0 0 0 0
0 0 0 0 0
0 0 0 56 56 56 56
56 56 56 56 56 56 56 35 56
35 35 20 20 20 28 49
56 63 63 56 56 56
56 63 63 63 63 63 56
63 63 63 63 56 56 56 56
56 56 63 63 63 63 63
63 63 56 56 56 56 56 56
63 63 63 63 56
56 56 56 63 63 63 63
63 63 56 56 56 56 35
56 56 56 56 56 56 56
56 56 56 56 24 36 63
63 63 63 63 56 56
56 56 56 56 56 56 56 56
56 32 32 56 56 56 56 56
20 56 56 56 56 56 56 56 56
32 32 32 56 63
63 63 56 56 56 63 63 63
63 63 63 63 63 63 63
56 42 42 63 63 63 42 42
42 56 56 36 36 36 36 36 63
56 56 32
56 56 56 56 56 56 56 56 56
56 56 56 56 56 56 56
56 56 56 63
63 63 56 56 25 25 25 25 25
25 25 25 25 25
25 56 56 56 56 56
56 56 56 56 56 56 56 56 56
56 0
