63 63 63 63 63 36 24 36
56 56 56 56 56 56 56
56 56 56 56 56 56 63
63 63 63 63 63 56 56 56
56 56 56 56 56 56
56 56 56 64 56 56
56 56 56 56 32 32 32
56 63 63 56 56
56 56 63 63 63 63
63 64 32 32 56 56 0 32
56 64 64 64 64 64 64
56 56 64 56 56 56 56 56
64 64 64 56 56 56 56 56 63
64 64 56 63 63 63 63
63 63 63 63 63 63 63 63
63 63 56 56 56 56 56 64
64 56 56 56 64
56 56 32 32 32 32 32 56
56 56 56 64 56 64 64
64 64 64 64 72 63 63
72 72 72 72 72 72 72 72
72 72 63 63 63 63 63 63
72 63 63 63 63 63 63
63 63 72 72 64 64 56
56 56 56 56 64 64 63 56
56 56 56 56 56 56 64
56 56 56 56 56 56
56 49 56 49 56 56 56
56 56 56 56 56 56 56 56 56 56
56 56 56 56 56 56 72 72
56 56 64 64
56 56 56
64 64 64 56 64 64 64 64 64
64 56 56 56 56 56 64 64
64 64 64 56 56 56
63 63 63 56 64 64 64
64 64 64 64 64 64 64 64 64 64
64 56 56 64 64 63 56 63 63
63 63 56 63 63 63 63 63 63
63 63 63 56 56 56 56
56 56 56 56 56 56 64 64
56 56 56 56 56 63 63
56 56 56 56 56 56 56
56 56 56 56 56 56 56
56 56 56 56 56 56 56 56
56 56 56 56 56 56 56
64 56 56 56 56 64 64 64
64 64 56 56 56 56 56 56 56
56 56 56 56 56 56 56 56 56 56
56 56 56 56 56
56 56 56 63 63 63 63
63 63 63 63 64 64 64 64 64
64 64 64 56 49 49 49 49 56
56 56 56 56 56 63 63
63 63 63 56 56 56 56
56 56 56 56 56 56 64 64
64 64 56 56 56 63 63 56
56 56 56 56 56
56 63 63 56 56 56 56
56 56 56 56 56 64
64 64 64 64 56 56
56 56 56 64 64 64 56 56
56 56 56 56 56 56 56
56 56 56 56 56 56 56 56 64
56 56 63 63 56 56 56 56
56 63 56 56 56 56
56 32 56 56 56 56 32 56
56 63 56 64 64 63 63
64 64 64 64 64 56 56 56
56 56 56 56 63 63 63
63 63 63 56 56 56
56 56 56 56 56 56 56 56
56 56 64 64 63 63 63 72
72 72 72 72 72 72 72
56 56 56 64 56 56 56 56
56 56 56 64 64 63
63 63 56 56 64 64 64
64 64 56 56 56 56
56 63 56 32 32 32 32
32 32 56 56 56 56
56 56 56 63 63 63
56 56 56 56 56 56 63 63 63
63 56 56 56 56 56 63
56 56 56 56 56 56 56
64 64 64 56 56 56 56 56
56 63 64 64 63 63
72 72 72 72 72 72 63
72 36 36 63 63 72 72
