64 64 64 64 64 64 64
64 64 64 64 64 64 64 64
64 64 64 63 63 63
63 63 63 63 63 63 63 64
64 64 64 56 56 56
56 64 64 56 56 64 64 64 64
64 64 64 64 64 64 64 64
64 64 64 64 64 0
0 0 63 63 63 64 64
64 64 64 64 64 64 64
64 64 64 64 64 64 64 64
64 64 64 64 64 64 64
64 64 56 56 64 64 64 64
64 64 64 64 64 64 64 64
64 64 24 63 64 64
64 64 64 64 64 63 63
63 63 64 64 64 64
64 63 63 63 63 56 56
64 64 32 32 32 56 56
64 64 64 64 64 64
64 64 64 64 64 64 64
64 64 64 64 64 64
72 72 63 64 64
64 64 63 63 63 63 63 63
63 64 64 72 64 64
64 64 72 63 63 64
64 64 64 64 64 64 64 64
64 64 64 64 64 64 64
64 32 64 32 64 64 64
72 72 72 64 64 64
64 64 64 63 64 64
64 64 64 64 64 64 56
64 64 64 64 64
64 64 64 64 56 56 56 56
56 56 64 40 40 64 64 64
64 56 56 56 56 56 56 56
32 56 64 64 64
64 64 63 63 63 63 63
56 72 56 64 64
64 63 63 63 63 63
63 63 63 63 63 64 64 64 64
64 64 64 64 64 64
64 64 64 64 64 64 64
56 56 40 40 40 64 64 64 64
64 64 64 64 64 64 64
64 64 64 64 64 64 64 63
63 40 40 64 40 25 40 64 64
64 64 32 56 56 56
56 56 56 56 56 56 63
63 64 64 64 64 64 63 63 63
63 63 63 64 64 64 64 25
63 56 56 20 56 56 56
64 64 64 64 64 64 64 36 36
63 63 63 63 32 32
64 64 64 64 64 64 64 64 64 64
63 63 63 64 64 64 64 64 56
56 56 56 56 64 56 56
56 64 64 56 64
56 64 64 64 63 64
64 64 64 64 64 64 64 64
25 25 63 63 64 64 64 64 64 64
64 56 56 56 56 56 64 64
64 64 64 64 64 64 64 64
64 64 64 64 64 40 64
64 56 56 64 56
56 56 56 56 56 64 64
56 64 64 42 24 42 63
63 64 64 64 72 64 64 56
64 64 64 64 64 64 64 64 64 64
64 63 64 64 64 64 64
63 63 24 24 24 64 72 64 64
64 64 24 63 63 63
64 64 64 56 56 56 56 64
64 64 64 64 64
56 56 56 56 56 56 56
56 56 64 64 56 64 64
64 64 64 45 45
45 45 45 45 45 45 45 45
45 45 45 72 72 72
72 36 32 32 63 63 56 63
36 64 63 63 63 63 63 63
63 36 72 72 72 72 72 72 32
56 63 63 63 64 64 64 25 25 64 64
64 64 64 64 40 35 20
32 32 56 63 36 63 63 63
63 36 36 45 45
45 45 45 45 45 45 45 45
45 45 72 72 72 72 63 63 63
63 72 63 72 72 72 72 72 45
45 45 45 45 45 45
45 45 45 45 45 45 63 63
63 63 63 63 63 63 63 63
63 63 56 56 63 63 64
64 64 64 64 64 64 64 64 64
64 64 64 64 64 64
64 64 64 64 64 64 64
40 35 24 24 24 63
56 64 64 64 64 56 64 64
64 64 64 64 64 64 64 64
64 64 64 64 64 64 64 64
64 64 64 64 64 64
64 64 64 32 56 56 56 56 56
56 56 64 64 64 64 64
63 63 64 64 64 64 63
63 36 36 36 36 36 36
36 36 36 36 36 36
36 36 36 63 63 63 63 63
63 63 63 63 63 72 64 63 63
63 63 63 56 56 56
56 56 56 56 56 36 36 72 72
72 72 72 72 72 72 72 72
72 72 72 72 72 72 63 63 63
63 63 63 63 63 63 64 64 64 64
56 64 64 64 64 64 64 64 64
64 64 64 64 64 64 64 64 64 64
64 64 64 64 64 72 25 25
25 25 64 64 64 64 64 56
56 56 64 64 25 24 56 56 56 56
32 32 32 32 56 56 64 64 64
64 64 64 64 64 32 56 56
32 32 32 32 32 36 56 64
64 64 64 64 64 64 64
64 64 64 25 36 36 36 36 36
36 72 72 63 63 63 24 24
32 32 32 56 56 56 63 42
42 48 48 63 63 63 63 64
64 64 45
72 72 72 72 72 72
72 72 45 63 63 63 63
63 63 63 72 72 72 64
64 64 64 64 36 9 9 9
9 36 63 63 63 24 24 24
63 63 63 63 63 63 63 24
36 32 56 56 64 56 64
64 64 72 63 63 9 9
9 9 9 9 45 72
63 63 63 63 63 63 63 63
63 72 72 64 63 63 63 63
63 63 63 63 63 63 63 63
63 24 24 24 24 24 24 64
64 64 64 64 64 64 64 64
64 56 56 56 56 63 63 63 63
42 42 63 63 63 63 63
63 63 63 56 56 63 63 72
56 64 64 64 64 64
64 32 56 56 56 56 56
72 72 72 72 72 72 72
72 72 72 72 72 72 72
72 72 72 72 72 72 72 72
72 72 72 72 72 72 72
72 56 56 56 63 56 56 64
64 64 64 56 63 63 56
64 64 64 64 64 64 64
64 64 64 63 64 64 64 64 64 64 64
64 64 64 64 64 64 64 64 64 64
72 72 72 72 72 72 72 72
72 72 72 72 72 72 72 72 72
72 72 72 72 72 72 72 72 72
72 72 72 72 72 72 72
72 64 64 40 40 25 25 25
25 64 64 32 63 63
63 63 63 63 63 63 63 63
63 63 63 63 63 63 63 56
64 56 64 64 64 64 63
63 63 63 63 63 63 72 45
72 72 72 64 64 64 64
63 63 63 56 56 32 32 32
56 56
56 56 56 56 56 64 64 72 72
63 36 36 36 36 36 36 36
36 36 36 36 63 63 64
64 24 30 64 64 64 64
64 64 48 48 48 48 48 48 48
48 48 48 48 48 72 72
64 40 64 64 64 72
72 72 72 72
63 36 36 63 72 72 64 25
25 25 64 64 64 64 64 36
36 36 36 36 36 36 36 36
8 36 36 36 36 36 36 36
64 64 64 64 64 63 48 24 24
24 24 24 24 24 24 24
24 24 24 48 48 48 48
72 72 64 63 9 9 36 9
9 9 9 9 42 42
42 42 63 36 36 8 8
5 5 4 16 16 5 42 42
42 36 36 9 9 9
9 9 42 42 42 9
9 36 48 48 48 48
64 64 64 64 64 48
42 42 42 42 42 42 30
25 64 64 64 64 64
64 64 64 64 64 64 64
64 64 56 30 72
40 64 64 64 64 63
64 64 63 63 63 63
72 72 72 72 72 72 63 63
72 72 72 72 72 72 72
63 63 63 63 63 63 63 63
63 64 64 64 64 63 36
63 63 63 63 64 63 63
63 63 63 63 63 72
72 63 36 72 72 72 63 63 63
63 63 63 63 63 63
63 63 63 25 64 63 63 64
64 64 64 63 63 63
32 64 56 64 32 64 56 56 56
63 72 72 72 72 72 45 45 63 63
63 63 63 63 56 63 63 56
56 64 64 64 64 64 64
64 63 63 63 64 64 64
64 63 56 56 64 64 64
64 63 63 63
56 56 56
63 63 64 64 63 63
72 63 56 56 56 56 64 64 64
64 64 64 64 56 45 72
72 72 72 72 72 72 72 72
64 56 63 64 64 64 64 64
64 64 64 40 40 40 40 40 64
64 40 64 64 64 64 64
64 64 64 64 56 64
64 64 64 64 64 64 64
64 64
64 25 64 64 63 42
24 72 64 64 64 64 64
64 64 64 64 64 64 64 64 64 0
