56 56 63 63 63 63 63 63
63 63 63 63 63 63 63 63 63
63 63 63 63 63 63 63
63 63 63 63 63 63 63 63
63 63 63 63 63 63 63
63 63 63 63 64 64 64
63 63 63 63 72 63
63 63 63 63 63 63 63
63 63 63 63 63 63 63
63 63 72 72 72 72 72 72
72 63 63 63 63 63 63 63
63 63 63 63 63 63 63
63 63 63 63 63 63 63 63
63 63 63 63 63 63 63 63
63 63 63 63 63 63 63 63 63
63 63 63 63 63 63
63 63 63 63 63 63 63 63
63 63 63 63 63 63 63
63 63 63 63 63 63 63
63 63 63 63 63 63
63 63 63 63
63 63 63 63
63 63 63 63 63 63 63
63 63 63 63 63
63 72 63 64 64 64 64
64 64 63 63 64
63 72 72 72 63 63 63 63
72 72 63 63 63 63 63 63
72 72 72 72 72
72 72 63 63 63 63 63
63 63 63 63 63 63
63 63 63 63 63 63 63 63
63 63 63
63 63 63 63 63 63 63 63 63 63
63 72 63 63 63 63 63 63
63 63 63 63 63 63 63
63 63 63 63 63 63 63 63
63 63 63 63 63 63 63
63 72 63 63 63 63
63 63 63 63 63 63 63
63 63 63 63 63 63
63 63 63 63 63 63
36 63
63 63 63 63 63 63 63 63 63
63 63 42 42 42
63 63 63 63 63 63 63 63
63 63 63 63 63 63 63
63 63 63 63 63 63 63
63 63 63 63 63 63 63
63 63 63 63 63
63 63 63 63 63
63 63 63 63 63 63 63 63
63 63 63 63 63 63 63
63 63 63 63 63 63 63
63 63 63 63 63 63 63
63 63 63 63 63 63 63
64 63 63 63 63 63 63 63
63 63 63 63 63 63 63
63 63 63 63 63 63 63 63 63
63 63 63 63 63 63 63
63 63 63 63 63 63
63 63 63 63 63 63 63
63 63 63 63 63 63
63 63 63 63 63 72 63
63 63 72 64 64 64
72 64 64 64 64 72 72
72 72 72 72 72 72 72 72 72
72 72 72 72 63 72 63 63
63 72 72 72 72 72 72
72 72 72 72 72 72 72
63 63 63 63 63 63 72
72 63 72 64 64 63
63 63 63 63 63 63 63
63 63 63 63 63 63 63
63 63 63 63 63 63 63 63 63 63
63 64 64 72 63 63 63 63
63 63 64 72 72 72 72 72
72 63 72 72 72 63
63 63 63 63 63 72 36
63 63 63 63 63 63 63 63
72 63 63 63 63 63
63 63 63 63 63 63 63 63 63
63 63 63 63 63 63 63
63 63 63 63 63 63 63
63 63 63 63 63 63 63
63 63 63 63 63 63 63 63
63 63 63 63 63 63 63 63
63 63 63 63 63 63
63 63 63
63 63 63 63 63 63 63
63 63 63 63
63 63 63 63 63 63 63
63 63 63 63 63 63 63 63 63
63 63 63 63 63 63
63 63 63 63 63 63 63 63
63 63 63 63 63 63 63 72
63 63 63 63 63 63 63 63
63 63 63 63 63
63 63 63 63 63 63 63
63 63 63 63 63 63 63 63 63
63 63 63 63 63 63 63 63 63 63
63 63 63 63 63 63 63 63 63
63 63 63 63 63 63 63
63 63 63 72 63 63 63 63 63
63 63 63 63 63 63 63 63 63 63
63 63 63 63 63 63 63 63
63 63 63 63 63 63 63 63
63 63 63 63 63 63 63
63 63 63 63 63 63 63
63 63 63 63 63 63 63
63 63 63 63 63
72 63 63 63 63 63
63 63 63 63 63 63 63 63 63
63 63 63 63 63 63 63
63 63 63 63 63 63 63
63 63 63 63 63 63 63
63 63 63 63 63 63 63 63
63 63 63 63 63 63 63 63
63 63 63 63 63 63
63 63 63 63 63 63 63 63 63
63 63 63 63 63 63 63
63 63 63 63 63 63 63
63 63 63 63 63 63 63
63 63 63 63 63 63 63 63
63 63 72 63 63 63 72 72
63 72 72 63 72 72 63 63
63 63 63 72 72 63 72
63 63 63 63 63 63
63 63 63 63 63 63 63 63
63 63 63 63 63 63 63 63 63
63 63 63 63 63 63 63 63
63 63 63 63 63 63 63 63
63 63 63 63 63 63 63
63 63 63 63 63 63 63
63 72 64 72 72 63 63
63 63 63 63 63 63 63 63 63
63 63 63 63 63 63 63
63 63 63 63 72 72
72 72 72 72 72 72 72 72 72
72 63 63 63 63 63 63 63
63 63 63 63 63 63 63 63 63
63 72 72 63 63 63 63 63 63
63 63 63 63 63 63 63 63 63
63 63 63 56 64 63 63 63
63 63 63 63 63 63 63 63
63 63 63 63 63 63 63
63 63 63 63 63 63 63
63 63 63 63 63 63 63
56 56 63 63 63 63 63 63 63
63 63 63 63 63 63
63 63 63 63 63 63 63 63 63
63 63 63 63 63
63 63 63 63 63 63 63
63 63 63 63 63 63
63 63 63 63 63 63 63 63
63 63 56 64 56 63 63
63 63 63 63 63 63
63 63 63 63 63
63 63 63 63 63 63 63 63 63 63
63 63
63 63 63 63 63 63 63 63 63
63 63 63 63 63 63 63
63 63 63 63 63 63 63
63 63 63 63 63 63
63 63 63 63 63 63
63 63 63 63 63 63 63
63 63 63 63 63 63 63
63 63 63 63 63 63 63 63 63 63
63 63 63 63 63 63 63 63
63 63 63 63 63 63 63 63
63 63 63 63 63 63 63 63
63 63 63 63 63 63 63
72 72 72 72 72 72 72
72 72 72 63 63 63 63
35 35 42 63 63 63 63 63
63 63 63 63 63 56 63
63 56 72 72 64 64 64
64 64 72 72 72 72 64 36
63 56 63 63 63 63
63 63 63 56 56 63 63 63
63 63 56 56 63 63
56 56 56 63 63 63 63 63 63
63 63 63 63 63 63 63 63
63 63 72 63 63 63 63 63
63 63 63 63 63 63 63
64 64 64 63 72
72 64 64 64 72 72 72 72
72 72 63 63 63 72
64 64 64 63 63 63 63 63 63
63 63 63 63 63 72
72 72 72 72 72 64 40 63
63 63 72 72 72 63 63
63 63 63 63 63 72
72 72 64 63 63 63
63 63 63 63 63 63 63 63
63 63 63 63 63 63 63 63 63
63 63 63 63 63 63
63 63 63 63 63 63 63 63 63
63 63 63 63 63 63 63
63 63 63 63 63 63 63 63 63
63 63 63 36 36 36 36 63
63 63 63 63 63 63
63 63 63 63 63 63 63 63
63 63 63 63 63 63 63
63 63 63 63 63 63
63 63 63 63 63 63 63 63
63 63 63 63 63 63 63 63
63 63 63 63 63 63 63 63 63
63 63 63 63 63 63 63 63 63 63
63 63 63 63 63 63
63 63 63 63 63 63 63
63 63 63 63 63 63 63 63
36 36 72 63 63 72 72
63 72 63 72 63 63 72
72 63 63 63 63 72 72 63 63
63 63 63 63 63 63 72
72 63 63 63 63 63 63 63
63 63 63 63 63 63
72 72 72 72 72 72 72 64 72
72 72 72 72 72 72 72 72 72
72 72 16 16 48 63 72
63 63 63 63 63 63 63
63 63 63 63 63 63 63
63 63 63 63 63 63 63 63
63 63 63 63 63 63 63
63 63 63 63 63 63
63 63 63 63 63 72
64 63 63 63 63 63 63 64
56 63 63 63 63 63 63
63 63 63 72 72 72 72 63
63 63 63 63 63 63 63 63
63 63 63 63 63 63 63
63 63 63 63 63 63 63 63
63 64
72 72 72 72 72 72 72 72
72 64 64 64 72 72 64 72
63 63 72 63 63 63 63
63 63 63 63 63 63 63 63
63 63 63 63 63 63 63
63 63 63 63 63 63 63 63
63 63 63 63 63 63 63 63
63 63 63 63 63 63 63
63 63 63 63 63 63
63 63 63 63 63 63 63 63
63 63 63 63 63 63 63
63 63 63 63 63 63
63 63 63 63 63 63 63 63
63 63 63 63 63 63 63 72
63 63 63 63 63 63 63 63 63 63
63 63 63 63 63 63 63 63
63 63 63 63 63 63
63 63 63 63 63 63
63 63 63 63 63 63 63
63 63 63 63 63 63
63 63 63 63 63 63 63
63 63
63 63 63 63 63 63 63 63
63 63 63 63 63 63 63
63 63 63 63 63 63 63 63
63 63 63 63 63 63 63
63 63 63 63
63 63 63 63
64 64 64 64 63 63 63 63 63
63 63 63 63 63 63
63 63 63 63 63 63 63
63 63 63 63 63 63 63
63 63 63 63 63 63 63 63
63 63 63 63 63 63 63 63
63 63 63 63 63 63
63 63 63 63 63 63 63 63 63
63 63 63 63 63 63 63 63
63 63 63 63 63 63 63
63 63 63 63 63 63 63
63 63 63 63 63 63 63 63 72
64 64 64 64 64 63
63 63 63 63 63 63 63
63 63 63 63 63 63 63
63 63 63 63 63 63
63 63 63 63 63 63 63 63
63 63 63 63 63 63 63 63 63
63 63 63 63 63 63
63 63 63 63 63 63 63
63 63 63 63 63 63 63
63 63 63 63 63 63 63
63 63 63 63 63 63 63 63
63 63 63 63 63 63
63 63 63 63 63 63 63
63 63 63 63 63 63 63
63 63 63 63 63 63 63
63 63 63 63 63 63
63 63 63 63 63 63 63 63
63 63 63 72 63 63 63 63
63 63 63 63 63 63
63 63 63 63 63 63 63
63 63 63 63 63 63 63 63 63 63
63 63 63 63 63 63 63 63
63 63 63 63 63 63 63
63 63 63 63 63 63 63 63 63
63 63 63 63 63 63 63
63 63 63 63 63 63 63 63
63 63 63
63 63 72 36 36 36 36
64 64 64 64 63 63
63 63 63 63 56 56 63 63 63
63 63 63 56 56 63 63 63 63
63 64 64 64 63 64
64 64 64 64 64 64 64
64 64 64 64 64 64 63 63 63
63 63 63 63 63 63 35 35 35
35 35 63 63 63 63 63
63 63 63 63 63 63 63 63
63 72 63 63 63 63 63 63 63 63
63 63 63 63 63 63 63
63 63 63 63 63 63 63 63
63 72 72 72 72 72 72 64
64 64 64 64 72 72 72 63 63
63 63 63 63 72 72 63
63 72 72 72 63 72 72 72
72 72 72 63 72
72 72 72 72 72 72
72 72 72 63 63 72 72 72
72 72 63 63 72 63 63 63
63 63 72 63 63 63 63 63
63 63 63 63 63 63 63 63 63
63 63 63 63 63 63 64 63
63 63 63 64 64 64 64 64
64 64 63 63 63 63 63 63
63 63 63 63 63 63 63
63 63 63 63 63
64 64 64 64 64 64 64 64
72 72 63 63 63 63 63
63 63 63 63 63 63 63
63 64 64 64 64 56
63 63 63 63 56 56 64
64 56 63 63 63
63 63 63 63 63 63 63 63
63 63 63 63 63 63 63 63
63 63 72 63 63 63 63 63
63 63 63 63 63 63 63 63 36
36 36 72 72 63 63 63 63
63 63 63 63 63 63 63 63
63 63 63 63 63 63 63
63 63 63 72 63 63 63 63
63 63 63 63 63 63
63 63 72 63 72 48 48 48 42
42 72 72 72 72 72 72 64
40 48 72 72 72 72
72 72 72 63
72 72 72 72 72 72 72
72 72 64 64 64 72
64 72 64 64
64 64 64 64 64 64 64 64
64 64 64 64 64 64 64 64 64
64 64 64 72 72 72 72 72
72 72 72 72 72 64 64
72 72 72 72 72 72 72
72 63 63 63 63 63 63
63 63 63 63 63 63 63 63
63 72 72 72 72 63 63 63 63
63 63 63 63 63 63 72 63
63 63 72 72 72 63 56 56
56 56 63 63 63 63
63 72 72 72 63 72 63 63
63 63 63 63 63
63 63 24 24 40 64
72 72 72 63 72 63 63
63 63 63 63 63 63 63 63
63 63 63 63 63
63 63 63 63 63 63 63 63 63
63 63 63 63 63 63 63 63 63
63 63 63 63 63 63 63
63 63 63 63 63 63 63 63
63 63 63 63 63 63 63 63
63 63 63 63 63 63
63 63 63 63 63 63 63 63
63 63 63 63 63 63
63 63 63 63 63 48 30
63 63
63 72 72 72 63 63 63
63 63 63 63 63 63 63 63
63 63 63 63 63 63 63 63 63
63 63 63 63 63 63 64
72 72 72 63 63 63 63 63
63 63 63 63 63 63
63 63 63 72 72 63
63 63 63 63 63 72 63
63 63 63 63 63 63 63 63
63 56 56 56 56 56 56 64
72 72 64 72 72 72 72 64
72 72 72 72 72 72 64 64 64
64 64 64 72 63 63 63 45
56 63 63 63 63 63 63 63 63
63 63 63 63 63 63
63 63 63 63 63 63
63 63 63 63 63 63 63 63
63 56 56 56 56 56 56 56
56 64 72 72 72 64 63
63 64 64 64 64 64 64
63 72 72 72 72 63 63 63
63 63 72 63 72 72
63 56 63 63 63 63
64 64 64 63 63 56 63 63
63 56 56 56 56 56 56 72
64 72 63 63 56 56 56 56 56
56 63 63 63 63 63 63 63 63
63 63 63 63 63 63 63
63 63 24 24 20 64 64 40 40
64 64 64 64 64 56 56 56 56
56 64 64 64 63 72 72 72 72 63
63 63 63 63 63 64 64 64
64 64 64 64 64 64 72 72 72
63 63 72 72 72 72 64 64
64 64 72 63 63 63 63
63 63 63 63 63 63 63 63 63 63
63 63 63 63 63 63 63 63
63 63 63 63 63 63 63
63 63 63 63 63 63 63 63 63
63 63 63 63 63
63 63 63 63 63 63 63 63 63
63 63 63 63 63 63 63
63 63 63 63 63 63
63 63 63 63 63 63 63
63 63 63 63 63 63
63 63 63 63 63 63 63 63
63 63 63 63 63
63 63 63 63 63 63 63 63 63
63 63 63 63 63 63 63 63
63 63 63 63 63 63 63
63 63 63 63 63 63 63
63 63 72 72 63 63 63 63
63 63 64 64 64 36 36 36
63 63 63 36 36 36 36
36 63 36 36 63 63 63 63
63 63 63 63 63
63 63 63 63
63 63 63 63 63
63 63 63 63 63 63 63 63
63 63 63 63 63 63 63
63 63 63 63 63 63 63 63 63
63 63 63 63 63 63 63 63
63 63 63 72 45 36 36
36 63 63 56 56 56 56
63 56 63 63 63 63
63 56 63 63 63 63 63 63 63 63
63 63 63 63 63 63 63 63 63
63 63 56 0
