63 63 56 56 56 63 63 64 64
0 0 0 0 0 0 0
0 63 64 64 64 64 64
56 56 63 56 56 56
64 64 64 56 56 56 63 63 56
63 63 63 56 56 56
49 56 56 63 63 63 63
63 63
56 56 56 64 64 56 56 56
63 56 0 0 0 0 25
25 30 30 30 25 25 25 25
0 0 35 64 56 63
63 63 63 63 63 56 56
56 56 63 63 63 63 63
63 64 63 63 63 63 63 56
56 56
42 35 56 64 56 64 72 72
56 56 64 64 56 56
56 72 0 0 0 0
0 0
0 0 0 0 0
0 72 72 72 72
56 56 64 56 56 63
63 56 56 56 56 63
56 56 56 56 56 56
56 56 63 56 56 63
64 64
56 63 63 64 64 64 56
56 56 56 56 56 56 56
56 56 56 56 63 56 63 72
63 63 63 56 56 56
63 63 56 56 56
56 56 0 0 0 0
0 0 0 0 56 56 56
56 56
56 56 56 56 56 56 49
56 56 56 56 63 56 63
63 63 56 56 63
63 63 63 63 63 63
56 56 56 56 56 56 56
56 56 63 63 63 63 63
63 56 56
56 56 56 56 63 63 63
56 64 56 56 56 56 64 64
64 63 63 63 63
63 63 63 63 63 72 63 63
56 56 64 56 56
56 64 64 63 63 56 56 56
56 56 63
64 56 56 56 56 63 56
56 56 56 56 63 63 63 63 63
63 63 56 56 63 63 63 56
63 56 64 56 56 63 63
64 72 72 64 56 56
56 56 56 56 56 63 63 63
56 56 56 56 56 63 63
63 63 56 64 64
63 63 63 56 56 56
63 63 63 56 56 56 56 56
56 63 63 63 63 63 63
42 63 56 56 56
63 56 56 56 56 63 56
56 56 56 56 56 56 56
56 63 63 56 56 56
56 56 56 0 0 0
25 10 63 63 63 56 56 56
56 56 63 63 63 63 56
56 56 56 56 56 56 56 56
56 56 63 63 63 63 63 63 56
56 56 56
56 56 64 64 72 56 56 56 56
63 63 56 56 56 56 56
56 56 56 56 64 63 63 63 63
56 56 56 56 56 56 56
56 56
63 56 56 56 56 63 64 64
56 56 63 63 64 56 63
63 63 63 56 56 63
63 63 63 63 63 63 63 56 63
63 63 63 63 56 56 63 63
63 63 63 63 63 63
63 56 56 56
56 64 56 56 56 63 63
56 63 56 56 56 56 56 56
64 72 63 63 64 64 56
56 56 56 56 56 64 64
56 56 56 56 64 64 64
56 56 56 56 64 56
56 56 56 56 56 64 64 63
63 63 56 56
56 56 56
56 64 63 63 63 63 63 56 56
56 56 56 56 56 56
56 64 63 63 63 63 63
63 63 56 56
56 56 56 56 56 56 63 63
63 63 56 56 56 56 56
56 64 64 56 56 64
64 64 56 64 56 56 64 64
63 63 63 63 64 42 42 56
56 56 64 56 56 64 56
56 56 64 64
63 63 63 56 63 64 56
56 56 63 63
63 64 56 63 63
0 0 0 0 0 0
0 0 56 63 63
63 63 63 64 72 64 72 72
56 56 56 56 63 63 63
63 63 63 63 63 56 63
63 63 72 72 72
72 72 72 72 72 56 56
64 64 56 56 56
56 64 56 63 63 63
63 63 63
56 56 56 56 56 56 56
42 42 42 63 63 56 56
56 56 56 56 63 63 56
63 56 56 56 56 56 63 56
56 24 24 24 24 24 24 24
56 40 64 63 63 63 63 63
63 63 63 63 63 63 64 56
63 72 56 56 56 56 56 56
56 63 63 63 63 63
63 63 63 63 63 36
56 56 56 56 63
63 56 56 63 63
63 56 56 63 63 56 63 63
63 63 63 63 63 72 63
56 56 56 56 56
56 56 56 63 63 56
56 56 56 56 56 63 56
56 56 56 56 56 63 63 63
63 56 56 56 42
40 56 56 56
63 63 63 56 64 56 56
64 56 63 63 63 64 63
63 63 63 63 63 56 56 64 56
56 56
72 63 63 63 0 0 0 0 0
25 25 10 10 10 40 63 63 56
56 56 56 56 56 56 56 56 63
63 56 56 56 56 56 63 63
63 63 63 63 63 63 63 56
56 56 56 32 20 56 56 56 56
56 56 56 56 56 56 56 56 56
63 63 63 63 63 56 56 63 63 63
63 63 63 63 63 63 56 56
56 56 56 63 63 56 56 56
56 56 56 56 56 56 56 63
63 63
63 63 63 63 63 56 56 56
56 63 63 63 63 56
56 63 72 63 56 56 56
63 63 63 63 63 56
63 63 63 63 63 63
56 56 63 56 56 63 63
63 56 56 63 63
63 63 63 63 56 56 56 56
56 56 63 63 63 56 64 56
56 56 63
63 63 64 56 56 56 56 56
56 56 56 64 56 56 56 56
63 63 63 63 63 63 64 64
56 56 56 56 56 56 56 56 56 56
56 56 56 63 63 56 56
56 56 63 63 63 56
56 56 56 56 56 56 63 63
56 64 56 63 56
56 56 56 56 64 56 42 56 56
56 63 64 63 56 56 63 63
63 63 63 64 64 64 56 56 63 63
72 63 63 64 56 64
64 56 56 63 63 63 56 56
56 63 63 56 63 63 56
56 63 63 64 42 56
63 56 56 63
56 72 72 56 56 56 56
63 63 63 63 56 56 56 56
56 56 56 56 56
63 56 56 56 56 63 63
63 63
56 56 56 63 63 63 63 56
63 56 63 63 63
56 63 56 56 49 56 63
63 63 64 63 63 63 63
63 56 56 56 63 63 63
63 63
56 56 56 56 56 56 56 56
56 56 56 56
63 63 56 56 56 56 56
56 56 56 56 32 56 63
63 63 63 63 64 64 63
63 56 56 64 56 56
56 56 56 56 56 56 56
63 56 56 32 32 56 56 32 32
56 56 56
63 63 63 63 56 56 56 56 56
56 56 56 56 56 56 56 56
56 56 56 56
56 56 56 56 63 63 56 56 56
56 56 56 56 56 56 63
63 56
32 56 56 56 49
49 56 56 63 63 63 63 56
56 63 63 63 63 63 63 63
63 63 63
63 63 63 56 56 56 63 63
56 56 56 56 56 63 63 63
63 63 63
56 56 56 63
63 56 56 49 49 56
56 56 56 56 56 56
56 56
63 63 63 72
63 63 63 63 56 56 56
56 63 64 56 56
63 56 56 63 56
64 64 64 72 63 63 63 63
63 56 56 56 56 56 72
72 64 56 56 56 64
64 63 64 56 56 56 56 56
56 56
56 56 56 56 56 56 64
56 56 56 56 56 56 63
63 63 63 56 56 56
56 56 56 56
63 63 56 56 63
63 56 56 63 63 63
63 63 56 63 63 56
56 56 56 64 56 56 56
56 56 64 56 56 56
64 64 64 56 56
56 56 56 56 56 56 56 56 56
56 64 56 56 64 56
64 63 63 63 63
0 0 0 0 0 0 0
0 0 56 56 56 56 64 56
56 56 56 64 64 64 64 56
56 56
56 56 56 56 56 56 56 56
56 63 63 63 63 56 64 64
64 64 0 25 0 0
0 0 0 63 64 56
63 63 56 56 56 56 63
56 56 56 56
64 64 56 56 64 64 64
56 63 63 63 63 56
56 63 63
63 63 56 56 64 56
64 56 63 63 63
63 63 56 56
63 63 63 63 63 63
56 56 56 63 63 63 63 63 63
63 63 64 64 64 64 56
56 56 64 56 64 56 63
63 63 63 63
56 56 56 56 56 56 56
56 56 56 63 63 56 56
56 56 64
63 63 56 64 56 56 56 56 64
64 64 64 64 64 56 56
56 64 64 56 56 56 56
56 63 63 63 63 63
63 63 63 63 63 56 35 35 35
35 35
56 56 56 64 63 63 63
72 72 64 64 64 64 64
72 56 64 56 63 63 64 56
56 64 64 56 56 56
56 56 64 56 56 63
63 63 24 63 63 63 63
56 63 63 56
56 56 56 56 56 56 56 56
56 56 56 63 63 63 63
63 56 63 63 63 63
56 56 56 56 56 56 64 63
63 63 56
63 63 63 56 56 63 63 63
63 63 56 56
56 56 56 56 56 56 56 56 56
56 56 63 63 63 63
63 63 63
63 63 56 72 72 72 72 56
63 56 64 56 56 56
56 63 63 63 63 56
63 72 56 63 63 63 63 63
56 56 63 56 56 56 56 56
56 56 56 56 64 56 35 35 56
56 56 56 56 64 56 56
56 56 64 56 56 56 56
56 63 63 63 64 56 56 56
56 56 64
64 56 56 56 56 56 56 56
56 56 63 63 63 63 63 63
63 63 56 63
63 63 56 56 56 56 56 56 56
56 56 56 56 56 63 63
63 63 63
63 63 63 56 63 56 56
56 56 56 56 56 56 56 56
56 63 56 56 56 56 63 63
64 0 72 72 72 64 0 0 64
64 64 64 64 64 72 72 64 64 64
64 64 64 64 64 56
56 56 56 56 56 56 56 56
56 56 56 56 56 56
56 63 63 63 56 64 56 64
64 56 56
56 56 56 56 56 63 63 56 56
56 64 56 56 56
56 56 56 56 56 56 56 56
56 56 56 56 56 56 56 56
56 64 56 56 56 56 56 56
56 56 72 64 56
56 56 56 56 56 56
56 56 56 56 56 56 56
64 64 64 64 56
56 64 64 56 56 56
64 56 56 56 56 64 56
56 56 63 63 56 56 56 56
56 63 63 63 56
56 56 56
64 63 63 64 56 56 64
64 56 56 56 56 56 64 64 64
56 56 56 56 56
64 64 64 64 64 56 56
56 56
56 56 56 64 64 64 64 64 64
56 56 56 56 56 56
56 56 63 56 56 56 56
56 56 63
56 64 64 56 56 56 56
56 56 56 56 56 56 56
56 64 56 56 63 63 56
56 56 56 56 56 56 56 56
56 56 56 56 64 64
56 56 56 56 56 56 56
56 56 64 56 56 56
63 63 63 63 56 63 63 42
63 63 64 64 64 20
56 64 56 56 56 63
72 63 63 56
56 63 63 56 56 56 56 56
56 56
56 56 63 63 48 56
56 56 56 56 56 56
56 56 56 56 56 56 56 56
56 56 56 56 56 63 63
63 63
63 56 56 56 56 56 56 56 56 56
56 56 56 56 56 63 63 63
63 63 63 56 56 56 56
56 56 56 81 81
81 81 0 56 63 56 56 63
56 56 63 63 56 56
56 56 64 56 63 63 63 63
63 63 63 64 56 56 56 56
56 56 56 64 64 64 64 64 64 64
64 64 0
0 0 0 0 0 56
56 63 56 56 56 56
56 56
56 63 63 56 56 56
56 56 56 56 56 56 56 64 64 64
64 72 63 42 63 42 42 63
63 63 56 56 56 56 56 56
64 56 56 56 56 56
64 56 63
63 63 64 64 64 64 64
64 64 64 64 56 56 56
56 56 56 63 63 56 56
56 56 56 63 56 56 63 63
56 56 56 63 63 56
56 56 56 56 56 56 56
56 56 56 56 56
56 56 56 56 56 56
56 56 56 63 56 56
56 56 56 56 56
64 56 63 56 56 63 56
56 56 56 56 56
64 64 64 56 56 56 56
56 56
63 63 63 63 63 63 63 63
63 63 63 63
56 56 56 56 56 72
72 72 63 63 56 56
56 63
63 63 63 56 56 56 56
56 56 56 56 56 64
64 64 64 64 56
56 63 56 63 63
63 56 56 56 63 63 63
63 63 63 56 56 56
64 64 63
63 63 63 56 56 56 56 64 56
56 56 56 72 72 72 64
56 56 56 56 56 56 56 42
64 64 64 64 56 56 64 56 63
56 56 56 56 56 56 56
56 56 56 56 63 63 63
64 64 64 64 56 56 56 56
56 64 64 64 64 64 56 56 56
56 64 64 64 64 56 64
64 56 56 64 64 64 63 63
63 63 63 63 63 63
56 56 56
56 56 56 64 56 56 56 56
56 64 64 63
64 64 64 56 56 56 63 63
63 63 64 56 56 32 32
32 49 56 56 56 56 56 56 56
56 56 56
49 56 63 72 64 63 63 56 56
56 56 56 64 64 64 56 56 56 63
63 63 63 63 63 63 64
63 63 64 56 56 56 56 56 56
64 64 56 56 64 64
64 64 63 63 63 63 63 63 63
56 56 56 56
64 64 64 56 56
56 56 64 64 56 56 56
64 56 56 56 56
56 56 56 56 56
56 56 56 56 64 64 64 56
64 64 64 56 56 56 56 63
63 64 64 56 56 56 56
64 56 56 56 63 63 63 56 56
56 56 56 56 56 56
63 63 63 63 63 63 63 56
56 64 56 56 56 56
56 56 56 56 64 64
64 64 56 56 63 64 64
64 56 56 56 56 56 56 56
64 64 56 56
56 56 63 63 56 56 56
56 56 56 56 56 56
64 64 56 63 63 63 63 63 63
64 64 64 56 56 56 56 63 63
63 63 63 63 63 63 56
56 56 56 56 64 63
63 56 56 56 56 64 56
56 56 56 56 56
72 64 56 56 56 56 56 56
56 56 63 63 56 56
56 56
56 56 56 56 56 63 56
56 56 56 56 56 56 56
56 56 63 63 56 56 56 35
56 49 56 56 56 56
56 63 63 63 63 63 63 63
63 63 63 63 63 56 56 56
56 63 63 64 72 63 63
63 63 63 63 56 56 56
56 56 63 63 56 56 63
63 56 56 56 63 63 56 63 63 56
63 56 56 56 56 56 56
63 56 56 56 56 56 56 64
64 64 64 64 63 63 63 63
64 56 63 63 63 63 63
64 72 72 56 63 63 63 56
25 25 0 25 25 25 25 25
25 25 25 63
63 63 63 56 56 56 63 56
56 56 56 56 56
63 63 63 63 63 64 56 56
56 64 64 64 64 64 64 64
64 64 64 64 64 64 48 0
