56 56 56 56 56 56 56 56 56
56 56 56 56 56 56 56 56
56 56 56 56 56 63 56 56
56 56 56 20 56 56 20 56
56 56 56 56 56 56 56
56 32 32 56 56 56 56 56 64
56 56 56 56 56 56 56 56
56 56 56 56 56 56 56 56 56
56 56 56 56 56 56 56 56
56 56 56 56 56 56 56 56
56 56 35 56 64 56 64 56
56 64 56 56 56 56 56
56 56 56 63 56 56 56 56 56
56 56 56 56 56 56 56 56
56 56 56 56 56 56 56 56
56 56 56 56 56
56 56 56 56 56
56 56 56 56 56 63
56 56 56 56 56 56
56 56 56 56 56
56 56 56 63 56 56 42 56
56 56 63 63 56 63
63 63 63 9 9 9 45 45 45
56 56 56 56 56 56 63
63 56 56 56 56 56 56 56
56 56 56 56 56 56 56
56 56 56 56 56 56 56 56 56
56 56 56 56 56 56 56 56
56 56 56 56 56 56 56 56
56 56 56 56 56 56 56 56 56
56 56 56 56 56 56 56 56
56 56 56 56 56 56 56 56
56 56 56 56 56 56 56 56 56
56 56 56 56 56 56 56
56 56 56 56 56 56 56 56
56 56 56 56 56 56 56 63
63 63 63 42 42 25 25 25
25 25 25 25 25 25
25 25 25 25 25 25 25 25 63
63 63 63 56 56 56 56 63
63 56 56 56 56 56 56 56 56
56 20 56 56 56 56 56 56
56 56 56 56 56 56 56 56
56 56 56 56 56 56
56 56 56 56 56 56 56
56 63 56 56 56 56
56 56 56 63 63 63 56 56
56 56 56 56 56 56 56 56 56
56 56 56 56 56 56 56
56 56 56 56 56 56 56
56 56 56 56 56 56 56
56 56
56 56 56 63 56 56
56 56 56 56 56 56 56 56
56 56 56 56 56 56 56 56
56 56 56 56 63 56 56 56
32 56 56 63
56 56 63 63 63 56 56 56 56
32 56 56 56 56 56 63 63 56
56 56 56 56 56 56 56 56 56
56 56 56 56 56 56 56
56 56 56 56 56 56 56
56 56 56 56 56 56 56 56 56
56 63 56 56 56 56 56
56 56 56 56 56 56 56
56 63 63 63 56 35 63 63 56
56 56 56 56 56 56 56
72 56 56 56 56 56
63 56 56 56 56 56 56
56 56 56 56 56 56 56
56 56 56 56 56 56 56 63 36
24 56 56 56 56 56 56 35
24 24 56 56 56
56 56 56 56 56 32 56
56 56 56 32 56 56 56 56 56
56 56 20 56 63 56 63
56 56 56 56 56 56 56
56 56 56 56 56 56 56 56
56 56 56 56 56 56 56
56 56 32 56 56 56 56
56 56 56 56 56 56 56
56 63 63 63 63 56 56
56 56 56 56 56 56 56 56
56 56 56 56 56 56 56 56
56 56 56 56
56 56 56 56 56 56 56 56
56 56 64 56 56 56 56 56
56 56 56 56 56 56 56
56 56 56 56 56 32 56
56 56 56 56 56 56 56
56 56 56 56 56 56 56 56
56 56 56 56 56 56 32
56 56 56 56 56 56 56
56 56 56 56 56 56 56 42
35 63 63 42 56 56 56
56 56 56 56 56 56 56
56 56 56 56 56 56 56 56
56 56 56 56 56 56 56 56
56 20 20 63 56 56 56 56 56
56 56 56 56 56 56 56
56 63 56 56 56 56 56 56
56 56 56 56 56 56 56
56 56 56 56 56 56 32 56 56
56 63 63 63 56 56
56 56 56 56 56 56 56 56
56 63 56 56 56 56 56
56 56 56 56 56 64 64
56 63 63 63 56 63 63 56
56 63 63 63 24 56 56 56 56
56 56 56 63 63 63 56
56 56 56 56 56 56 56 56 56 56
56 56 56 56 56 56
56 56 56 56 56 56 24 63
56 56 56 56 56 56 56 56
56 56 56 56
63 56 24 63 56 56 56
56 56 56 56 56 56 56
56 56 56 56 56 56 56
56 56 56 56 63 56
56 56 56 56 63 63 63 63
56 56 56 56 56 56 56 56 56
56 56 56 56
63 0 0 0 0 0 0 0
0 0 0 0 0 0 48
40 40 0 0 0 0 0
16 16 16 63 56 56 56 56
56 56 63 56 56 56
56 56 56 56 56 56 56 56 56
56 56 56 63 63 63 63
56 56 56 56 56 56 56
56 56 56 24 63 56 56
56 56 56 56 56 56
63 63 56 56 56 56
56 56 56 56 56 56 56
56 56 56 56 56 56 56 56 56
56 63 36 36 56 56 56
56 56 56 56 63 63 63 56 56
63 63 56 64 56 56 56 56
63 56 56 56 56 63 63
63 63 72 72 72 63
63 72 56 56 56 63 63 63
56 56 56 56 56 56 32
56 56 56 56 56 56 56 56
63 63 63 63 63 63 63 63
56 56 63 63 63 63 63 63
63 56 63 63 63 56 56 56 64
63 56 56 56 56
63 56 56 56 56 63
56 56 63 63 56 56 56
24 63 56 56 63 56 56
56 56 63 63 63 56 56 56 56
56 56 56 56 63 56 56 56
56 56 56 56 36 36 56
56 63 56 56 56 42 63
56 56 56 56 56 56
56 56 63 56 56 56 56 56 56
56 56 32 56 56 56 56
56 56 56 56 56 63 56
56 56 56 63 56 56 56
56 56 56 56 56 56 64
56 56 56 56 56 56 56 56
56 56 56 56 56 20
56 56 56 64 56 63 63
64 63 63 63 63 63 63
56 56 56 63 63 63 63 63
56 56 63 56 56 56 56
56 56 56 56 56 56 56 56
56 56 56 56 56 56 63
63 56 56 63 63 63 56 56 63
63 56 56 56 63 72 63 63
56 63 63 63 63 63 64 56
72 81 81 63 63 56 56
56 56 56 56 56 56 56
56 56 56 56 72 63
56 56 56 56 56 56
63 56 63 63 63 64 56
63 56 56 56 56 56
56 56 56 56 56 56 56 56 56
63 56 56 56 56 56 32
32 56 56 56 56 56 63
56 56 56 56 56 63 63
56 56 63 63 63 56 56 56
56 56 56 56 56 56 56 56 56 56
56 56 56 56 56 56 56 56 56
56 56 56 56 56 56 56
56 56 56 56 56 56 56
56 56 56 56 56 56 56 56
63 63 56 56 56 56
56 56 63 63 56 42 63 56
56 63 63 63 63 56 56 32
56 63 56 56 56 56 56
56 56 64 64 56
56 56 56 64 56 56 56 56 56
56 36 56 56 56
56 56 56 56 56 56
56 63 63 63 63 63 63 56
56 56 56 56 56 56
56 36 63 56 64 56 56 56
42 63 63 63 56 63 56 56
56 56 32 56 56 56 56
56 56 56 56 63 63
63 63 56 56 56 56 56 56 32
56 56 56 56 56 56
56 56 56 56 56 56 56
56 56 56 56 56 56 56
56 56 32 56 56 56 56
56 32 56 56 56 32 32 32 56
56 56 32 32 32 32 32 32
32 32 32 32 63
63 63 63 56 56 56 56 56 56 56
56 56 56 56 56 56
56 56 56 56 56 56 56
56 56 32 32 32 56
56 56 56 56 56 56 56
56 56 32 20 63 56
56 63 56 64 64 56 56 56 56
56 56 64 56 56 56
56 56 56 56 56 56 56
56 56 56 32 32 56 32
32 32 56 56 32 32
32 20 20 32 56 56 56 56
56 56 32 56 56 56 56
56 56 56 56 32 32 56 56
56 56 56 56 56
56 56 56 56 56 64 56
56 56 56 56 64 64 56
56 56 56 56 56 56 32 63 56
56 56 32 56 56 56 56
56 56 56 56 56 63 63 56 56
56 56 56 56 63 63 63
63 63 63 56 56 63 63
63 42 63 56 56 56 56
63 56 56 56 63 63 56
56 56 63 63 56 56 56 56
56 56 56 56 56 63 56 56 56
56 56 35 56 49 56 56 64
64 64 63 63 63 56 63
63 56 56 56 56 56 56
56 56 64 64 56 56 56
56 56 0 25 25 25 25
25 25 25 25 25 25 25 25
25 25 25 25 25 25 25 25 25 25
25 25 56 56 56 63 63 56
56 56 56 56 56 32 32 32 32 56
56 56 56 56 56 56 56 32
56 24 56 56 56 56 56 56
56 56 56 56 56 56 56 56 56
56 56 56 56 56 56 56
56 56 32 32 32 56 56
32 56 56 56 56 56
56 32 32 32 32 32 56 56
56 32 56 56 56 32
56 56 32 56 56 56 36 63 56
56 56 56 56 56 56 56 56
56 56 56 56 56 56 56 56
56 56 56 56 56 56 56
56 36 56 56 56 56 56
56 56 56 56 56 56 56
56 56 56 56 56 56
56 56 56 56 56 56 32 56
56 56 56 56 56 56 56
56 42 42 42 63 56 56 63 63
56 56 56 56 56 56 56
56 56 56 56 64 56 56 56 56
56 56 56 56 56 56 56 56
56 56 56 64 56 56
56 56 72 42 56 56 56
63 63 56 56 56 56 56 56
56 56 56 56 56 56 56
56 56 56 56 56
56 56 56 56 56 56 56 56
56 56 56 42 56 63
63 35 56 56 56 56
56 56 56 56
63 63 56 56 56 63 63 56
56 63 56 56 56 56
56 56 56 56 56 56 56 56
56 56 56 56 63 56 56 56 56 56
32 56 56 56 56 56 56 56
56 56 56 56 63 63 63 63 56
56 56 56 56 56 56
42 56 56 56 56 56
56 56 56 56 63 63 56 56
63 63 56 56 56 56 56
56 56 56 56 56 63 63
56 56 56 56 32 32 56 56 56
32 32 64 56 56 56
56 56 63 63 56 56
56 56 56 56 56 56
56 56 56 56 56 56
56 56 56 63 36 63 63 56 56
56 56 56 56 56 56 56 56
56 56 56 56
56 42 56 56 56 56 63
20 56 56 56 56 56 56
56 56 24 63 63 63 63 56
56 56 56 56 56 56
56 56 56 32 32 56 56 56
56 56 63 56 56 56 56
56 56 56 56 56 56 56 56 56
56 56 56 56 63 56 56
56 56 56 56 56 63 56
63 63 56 63 56 56 63
63 56 63 56 64 56 64
56 56 56 56 56 56 56
63 63 56 56 56 56 56
56 56 56 56 63 63 56 56 20
24 56 56 56 56 63 42
63 63 56 63 63 63 63 56 56
56 63 63 63 63 63 63 63
56 56 56 56 63 63 63 56 56
56 56 56 56 56 56
56 56 64 56 56 56 56 56
56 56 56 56 56 56
56 56 56 56 56 64 64 56
56 56 56 56 56 56
56 63 63 72 56 56 56
56 56 56 56 56 56 56 56 56
24 24 24 24 24 24
24 24 63 63 56 56 56
56 56 56 56 56 24 36
32 56 63 56 56 36 36 36
56 56 36 56 56 36 36 56
56 56 56 63 42 42 56 56
56 56 24 56 56
56 56 56 63 63 56
32 56 56 56 56 56 63
63 63 63 63 63 63 63
63 63 63 63 63 24 63
63 56 36 36 36 36 56 56
56 56 64 56 56 63 63
56 56 63 63 63 56 56 56
56 63 63 63 63 63 63 63 63 63
63 36 36 56 63 56 56 63
63 63 24 24 63 63
63 63 63 56 63 63 63 63
63 42 42 63 63 63
63 63 63 63 63 63
63 63 63 63
63 63 63 63 63 63 63 63
63 63 63 63 63 63 63 63 63
63 56 56 56 56 56 56
32 56 56 56 56 56 63
56 56 56 56 56 56 56
56 24 63 63 63 63
63 63 63 63 63 42 56 56 56
42 42 63 63 63 63 56 56 63 56 56
63 63 63 63 56 24 63
63 32 63 63 72 56
63 63 24 36 63 63 63 24 24
63 56 56 56 56 56 56 72
72 63 63 63 56 56 56 63
63 63 63 56 56 32 56
56 56 56 56 56 63 63
36 63 64 56 56 64 64 64
56 63 63 63 63 63 24
63 63 63 63 56 63
63 63 63 63 72 72 56 36
56 32 32 32 32 56 56 56 56 56 42
42 56 35 56 56 56
56 56 56 56 56 56
56 56 63 63 63 63 56
56 56 56 56 56 56 56 56 56
56 56 56 56 56 56 56
56 63 63 63 56 56 56 56 56
56 63 56 56 56 56 63
63 63 63 63 63 63 72 63
63 64 56 56 56 56 56
63 63 63 56 64 56 56 56
56 56 64 56 56 72 72
56 56 56 63 63 56
56 42 63 56 56 56 56 56 63
63 63 63 56 56 56 56 56 56
42 42 35 56 56 56 56
56 35 35 56 56 56 56 56 56
56 56 56 56 56 56 56
56 56 32 32 32 64 64 64
64 0 0 0
