64 63 63 63 63 63 63 64 64
64 64 64 64 64 64 63
63 63 63 63 63 64 64
72 63 63 63 64
64 63 63 63 63 63 63 63
63 72 72 72 72 72 72 72
72 0 0
0 63 63 63 63 64 64
64 64 64 64 64 64 64
64 64 64 64 64
64 64 64 64 64 64 64
64 64 64 64 64 56 56 64
64 64 64 64 64 64 64
64 64
64 64 64 64 64 64 64 64 64 64
64 64 64 64 64 64 36 72
72 72 45 64 72 72
72 64 64 64 64 64 63
64 64 64 64 64 64
63 63 63 64 64 64
64 64 64 64 64
64 64 63 63
72 72 64 64 64 64 64 64
64 64
64 64 64 64 64 64 56
56 64 64 64 64 64 56 56
64 64 32
64 64 64 63 56 63 72
64 64 64 64 64 64 64 64
64 64 64 64 64 64 64
64 64 64 64 64 64
64 64 64 64
63 63 63 63 63 63 63 63
36 30 64 64
64 64 64 64 64 64 64 64
63 63 63 63 63
64 64 64 64 64 64 64
63 63 72 56 56 63 56
56 56 63 63 63 63 63
63 9
9 36 64 63 36 63
63 63 64 64 64 64 64
64 64 64 64 64 63 63
72 64 64 64 64 64 64 64 64
64 64 64 64 64 64 64 64
64 64 64 64 64
64 72 72 64 64 32
64 64
64 72 64 64 64 64
64 72 63 63 63
63 72 72 64 64 64 64 64
64 64 64 64 64 64 40
64 64 64 64 64
64 64 64 36 36 72 72 64
56 63 56 63 63 63
64 64
64 64 64 64 64 64 64 64
64 64
64 64 64 64 64 64 64 64
64 64
72 72 56 56 64 64 64 64
64 64 64 64 64 63 63
72 72 72 63 63 63 63
72 72 63
63 63 63 63 72 64 64
64 64 64 64 72 63 63 63
63 63 63 63
63 63 63 63 63 63 63 63
63 63 63 64 64 64
32 63 63 63 63 63
63 63 72 72 63 64
64 64 64 64 64 64 64
64 64 63 63 63 63 72
64 64 63 63 72 63
63 36 36 63 63 63
63 63 63 63
63 64 64 64 64 64 63 63
63 56 64
63 63 63 64 64 64
64 56 56 56 64 63 63
63 63 63 63 72 72 72
72 63 63
63 63 63 63 36 63 63 63
63 63 63 63 63 63
63 63 63 72 72 63 72 64 64
64 63 63 63 63 63 63
64 64
56 56 64 64 63 63 63 72
63 64 64 64 64 64 64
64 64 64 63
63 64 64 64 64
64 64
64 64 64 64 63 63 63
63 63 63 63 63 63 63
64 64 64 64 64
64 64 64 63 63 63 63
63 63 72 72 72
63 63 63 63 63 63 63
63 63 63 63 72 49 0 0
0 0 0 0 0 0
0 0 0 0 64 64 64
63 63 56 64 63 64
63 63 63 63 63 36 36 36
36 36
36 36 36 36 36 36 9 9
9 9 36
36 9 9 9 9 9 9
9 63 63 63 63 63 63 24
24 24 24 24 24 25
64 64 64
64 64 63 63 36 36 36
36 36 9 9 9 9 9 9
9 36 63 63 36
72 72 72 72 72 72 72 72
72 72 72
63 63 63 63 72 64 64 64
63 63 63 63 63 63 32
32 32 32 56 64
63 63 63 63 63 63 63 25
64 64 64 64 64 64
64 64 64 64 63 63
63 63
63 64 64 64 64 64
64 64
64 63 63 63 63
63 72 64 64 64 64
64 64 64 64 64 64 64 64
63 63 63 63 63 63
63 72
64 64 72 72 72 64 64 64
64 64 64 64
64 64 64 64 56 63
63 63 63 63
72 63 63 63 64 64
63 64
63 36 36 36 36 36 36
36 32 32 32 63 63 63 63
64 64 64 64 64 32 36 36 36
36 63 63 64 64 64 64 64 64
63 63 63 63 63 63 63 63 36
36 36 36 36 36 36 36
36 36 63 63 63 63 63 63 63
63 32 56
56 63 63 63 64 64 63
63 63 64 64
64 64 64 64 64 64 64 64 64
64 64 64 64 64 64
64 64 64 64 64 64 64 64 63 63
63 63 64 64 64 64
63 63 63 63 63 63 36 36
63 63 63 63 63 36
36 36 36 36 36 36 36 72
63 63
63 63 56 72 63 56 64
64 64 64 64
63 63 56 56 56 63 63 63 72
64 64 64 64 64 72
63 56 56 64 64 64 64
45 72 0 0 0 0 0 0
0 0
0 0 0 0 0 64 64
64 64 64 64 64 64 56 56 56
63 64 64 64 63 64 64 72
64 64
63 63 63 63 63 63 63 63
63 36 36 36 36 63
63 63 63 63 63 63 63 63
63 63 63 63 63 63 63
63 63 63 63 63
63 63 63 63 63 63 63 36 63
63 63
63 63 63 63 63 63 63 63 72
64 64
64 63 63 63 63 63 63 63
63 63 63 72 64 72
64 63 63 63 63 63 63 63
64 64 64 64 64 64
64 64
64 64 64 64 63 63 72
64 64 64 64 64 64 64
63 63 63 63 63 72 64
64 56 63 63 63 63
63 63 63 63 63 63
56 56 64
56 56 56 56 56 64 64
64 64 64 64 64 64
64 64 64 64 64 56 64
56 64 63 63 63
63 63 63 63
56 63 36 32 32 32 32 32 32 32
32 32 72
64 64 64 64 64 36
0 0 0 0 0 0
0 0 0 0 0 64
63 64 64 64 64 64
64 64 64 32 36 36 63
45 72 72 63 63 63 72
72 72 72 63 63 63 63 63
72 63 63
63 63 63 63 64 64 64
64 63
63 63 72 72 72 72 64 64
64 64 64 64 64 64 64
40 32 64 64 56 56 56
63 63 63 63 63 63 72 64
63 63 63 56 56 56
56 56 72
72 63 63 63 63 63 63 63
63 63 63 72 72 63 63
63 36
63 63 63 63 63 63 72
36 36
63 63 36 36 36 36 36 36
63 63 63 63 63 63
63 42 48 72 72 63 63 63 72
72 72 36
63 63 63 63 63 63 63
63 72 72 72 72 72 72 72
72 72
63 63 72 72 72 72 72
72 64 64 64 64
64 64 64 64 64
63 64 64 64 64 64 63 63
64 64 64 64 64 64 64
64 64 64 64
64 64 56 56 56 56 64 64 64 64
64 64 64 63 63 63 63 63
63 63 63 63 63 63
63 63 63 63 72 63
63 63 63 63 63 63
63 64 64 64 64 64 36 63 56
56 56 63 63
63 63 63 63 63 63 63
63 63 63 36
45 72 72 63 63 63 63 63
63 63 63 63 63 63 63
63 63 63 63 63 56 56 56
63 56 56 56 56 56 56 56 56
64 56 56 56 56
56 56 64 64 63 63
63 63 63 63
72 64 64 64 63 72 64
64 64 64 64 36
36 63 64 64 64 0 0
0 0 0 0 0 0 63
63 63 63 63 63
63 63 63 63 63 72 72
72 72 72 63
63 63 63 64 64 64 64 0
0 0 0 0 0 0 0
0 0 63 63 63 63 63
63 63 63
64 64 63 36 63 63 63
63 63 63 36 36 36 36 63 63
63 63 36 45
45 63 63 63 63 72 72 72 72
72 72 64
64 64 63 63 63 63 63 63 63
72 64 64 63
63 63 72 63 64 56
64 56 56 64 64 64 64 64 64
64 64 64 36
63 63 63 63 63 63 72 72
72 63 63 63 63 63 63
63 63 63 63 63 63 63 63 72
63 63 63 63 63 63 63
63 63 63 63 63 63 63 63
63 63 72 72 63 63 64
64 64 64 63 63 63 63 63 63
63 63 63 63 63 63 63
36 36 36 36 63 63 36 63 63
63 63 63 35
32 56 56 56 64 64 64 64
72 72 72 63
63 63 63 63 63 63 63 63
36 36 36 63 63 63 63 63 63 63
63 63 63 63 63 63 72 63 63
63 63 63 63 64 64 64
64 64 64 64 64 64 64 64
63 63 63 63 63 63 63
63 72 72 72 72 72 72 72
72 72 72 72
63 63 72 63 63 63
63 63 63 63 63
63 63 56 64 63 63 63
63 72 56 64 64 64 64 64
64 64 64
64 56 56 56 56 63
64 64 56
64 64 64 64 64 64 64 63
63 63 63 63 63 63 72 72 72
72 72
72 72 64 0 0 0
0 0
4 4 0 0 0 63 63 56
56 56
56 56 56 56 56 63
63 63 63 63 56 63
56 56 64 64 64 64 64 64
63 72 72 64 64 64 64
64 63 63 63 63 63
63 63 72 72 64 64 63
63 63 63 63 63 63 63
63 63 63 63 63 72
72 64 64 72
63 63 72 63 63 63 63 63
63 63 63
63 63 63 63 63 63 72 72 72
72 72 64
64 64 64 64 64 64 64 64
64 64 64
64 64 64 64 64 63 63 63 63
63 64
63 72 72 72 72 72 72
72 63 63 45 72
72 63 63 63 63 63
63 63 63 64 64 64 64 64
64 72
72 72 63 63 63 63
36 63
63 63 63 63 36 36 63
63 63 63 63
63 72 72 64 64 64 64 64
64 64 64 64 64 64 64 63
63 72 72 56 63 63 72 63
63 63 63 63 63
63 63 63 63 63 63 63
63 63 63 63 63 36 63
72 63 63 63 63 63 63 63
63 56 64 64 64 0 0 0
0 0 0
0 72 64 64 63 64
64 64 64 64 64 64 64
64 64 64 64 64 64 63
63 72 63 63 63 63 63 63
63 63
63 63 63 63 63 63
63 36 36 36 36 63 63
36 63 63 63 63 36 36
36 36 36 36 9
36 9 9 36 36 36 36 36 36
64 64 64 64 63 63 63 64
64 63 63 63 63
63 63 63 63 63 36 36
36 63 63 63 63 63 36
36 63 63 63 63 63 63
64 64 64
64 64 64 64 64 64 63 63
63 63 63 63 63 63
63 63 63 63 63 63
63 63 63
63 63 63 63 63 63 63
63 63 63 63 63 63
63 63 63 63 63
63 63 63
63 63 63 63 63 63 63 63
63 63 63 63 63 63 63
63 63 63 63 63 63 63 63
63 63 63 63 63 63 63 63
63 63 63 63 63 63 63 63 63
63 63 63 63 63 63
64 64 64 64 64
63 64 72 63 63 63 63
63 63 63 63 63 63 63
72 72 72 63 63 63 63 72
72 72 72
63 63 63 63 63
63 36 36
63 36 36 36 36 36 63 63 63 63
72 72
64 64 64 64 64 64
64 64 64
64 64 63 64 63
63 63 63 63 63 56 56 56
63 64 64 64 64 64 63
56 56 64 64 64 64 64 64
63 63 63 63 63
56 64 64 64 64 64 64
64 64 63 63 63
63 63 63
63 63 63 72 72 72
72 63
63 63 63 63 63 63
63 63
63 63 63 63 63 63 63
63 72 72 72 72 72 72
64 64 64 72 72 72 63
63 63 63 72 72 64 64 64 64
64 64 63 63 63 63
63 56 64 64 64 72
72 72 72 72
72 56 56 56 63 63
63 63 63 72 72 72 72 72
72 63
63 63 63 63 63 63 63 63 63
72 72 72 72 72 72 72
63 36 36 63 63 63 63 63
64 64 64 64 64 64 63 63
63 63 63 63 63 63
63 63 63 63 72 63
63 63 63
63 72 64 64 64 64 64
64 63 63 63 63 63 63
63 63 63 63 63 63 63 63
36 63 63 63 72 63
63 63 63 63 63 63 63 64
63 63 63 64 64 64 64
36 63 36 36
63 63
63 63 64 24 63 63
63 63 72 72 63
63 63 63 72 63 72 72 72
63 63 63 63 63 63 63 63
63 63 63 63 63 63 63
63 63 63 63 63 63 63 63 63
63 63 63
63 63 63 63 63 63
63 63 63 63 63 63 63
64 64 64 64 64 0 0 0
0 0 0 0 0 0 0
63 63 72 72 72
72 72 72 72 72 72 72 72
72 63
63 63 63 63 63 63 64 64
64 64 64 63
63 63 63 63 63 63
63 63 63 63 63 63 63 56
72 63 63 63 63 63 63
63 32 56 63 63 63
36 63
63 63 63 63 64 64 64 64 64
72 72 72 72 72 72 72
64 64 56 56 56 56 56 56 56
63 63
56 56 56 56 63 56 72
72 56 56 64 64
63 63 63 63 63 63 63
63 72 64 64 64
64 64 64 64 64 64 64
64 64 64 64 64 63 63 36 63
63 63 63 64 64 64 64
64 64 64 64
64 64 64 64 64 64
64 56 56
64 64 64 64 64 64 64
64 32 5
32 32 56 56 56 56 36 9
9 36 36
63 63 63 72 64 64
64 64 64 64 64 64 64
63 63 63 63 63 63 9 63 63
63 63 63 63 63 63
63 63 63 63 63 63 36
36 36 63 63 63 32
56 56 56 56 64 64 64
63 63 63 63 63 36 63
63 63 36 36 63 72 72 72 63
63 63 63 64 63 63
64 64 64 64 64 64 64 64
64 64
64 64 81 64 64 64
64 64 64 64 64 64 64
24 63 63 63 63 63 63 63
63 63 63 64 64
64 64 64 63 63 63 36
63 63 63 36 36 63 36 36
63 63 63 63 63 63 63
63 63 63 63 63
72 72 72 72 72 63 63
63 63
72 45 64 72 72 72
63 63 63 63 63 63
36 36 36 63 63 63 36
72 63 63
63 63 63 72 72 63 63 63
63 36 9 63 63 63 63
63 63 63 63
63 63 72 72 72 72 64
64 64 64 64 64 63 63 63 63
64 64 63
63 63 63 63 63 63 63 63
63 63
63 63 63 63 63 63 63 63
63 63 63 63 63 63 63
63 63 63 63 63 63 72 64
63 63
63 63 63 63 63 63 63
63 63 63 63
63 63 63 63 63 63 63 63 63 72
63 63 63 63 63 63 63 63 63
63 63 63 63
63 63 63 63 63 64
64 64 64 64 64 64 72 63
64 64 64 64 64 64
64 64
64 64 64 64 64 64 64 64
64 64 64 63
63 63 64 64 64 64 64 64
63 63 63 63 63 63 63 63 63
3 4 4 4 3 3 3 6
3 3 6 63 32 40 40 8 32
36 36 36 63 56 63 63 63 63
64 64 64 63 63 64 64 40 40 64
64 64
36 64 64 56 56 64 64
64 56
72 72 72 72 64 56 56 56
56 63 63
63 63 72 56 63 63 63
63 63 63 63 63 63 63
72 63
63 63 63 72 64 64 64 64
64 64 64 64 64 72
63 63 63 63 63 63 63
63 36 72 63
63 36 45 72 72 72 63 72
64 64 64 64 64 64 64 64 64
64 64
64 64 64 64 64 64 64 64
64 63 63 63 72 63 63
63 63 63 63
63 63 63 63 63 63 63
63 63 36 63
63 63 63 63 63 64
64 64 64 64 64 64 64 64
64 64
63 64 64 64 64 64 63 63 63
63 63 72 72 72 63 63 63 63
63 63 63 63 36 24
63 63 63 63 36 36 63 56
56 63 63 63
63 63 63 63 63 63 63 63
63 63 63 63 63
64 64 64 64 64 64 64 64 64
64 64 64 64 64 64 64 63 63
64 64 64 64 64 64 64
64 64 64
64 64 64 64 64 64 64
64 64
64 64 64 64 64 64 64 64
64 36 63
63 63 64 64 64 64 64
64 64 64 64 64 72 72
36 63 63 63 63 63 63 63
63 64 64 64 63
63 63 63 63 64 64 64 64 64
56 56
56 56 63 63 63
63 63 64 64 64
64 64 63 63 63 63 63 64
48 48 42 42 42 42 42 35 35
35 35 63 63 63
64 64 64 72 72 72
72 72 64 64 64
63 56 63 63 63 64
63 63 63 63 63 63 63
56 56 63 63 63 36 36
63 63 63 72 64 64 64 64 64
64 63 64 64
81 81 64 81 81 64 64 64
0 0 64
64 64 64 64 64 64 64
64 64 64 64 64 56 56 63
63 63 64 64 64 64 64 64
64 64 64 64 64 64 64
64 64 64 63 63 63 63 63 63
36 9
9 9 9 63 63 63 63
63 64 64 64 64
64 64 64 64 64 64
64 64 64 64 64 64 64
64 64 64 64 64 64 64
64 64
64 64 64 64 63
63 63 63 63 63 72 63 63
63 72 72 72
64 63 63 64 64 64 64 64
64 64
64 64 64 64 64 64 64
64 72 72 63 63 63
63 63 63 63 63 63
72 64 25 64 64
64 64 64 64 63 63 63 63
63 63 63 63 63 63 36 36
36 63 63
63 63 72 72 72 72 72 63
63 63 63 63 63 63 63 63 63 63
63 42 42 63
72 72 72 63 63 63 63 63 63
56 56 56 56 56
56 56 63 63 63 24 56
64 64 64 64 64 64 64
64 64 64 0 0
0 0
