72 72 63 63 63 63 63 63
63 72 64 64 64
64 64 64 64 64 64 40
40 40 64 64
64 64 64 64 56 64 56
64 64 64 64 64 64 64
64 64 0 0
0 0 0 64 64 64 64
64 64 64 64 64 40 40
40 40 64 64 64 64 64 64
64 64 64 64 64
72 64 64 64 64 64 64 63 63
64 64 64 64 56 56 56 56
64 64 64 63 63 63 45 45
81 72 72 72 72 72 72 72
72 72 72 72 72 72
72 72 64 72 63 63
63 63 64
64 72 72 72 72 72
45 72 45 63 63 63 63 72 72
72 72 72 72 72 64
36 36 45 64 64 64 64 64
64 64 56 56 32 32 32
32 64 64 64
64 64 64 64 64 64 64
64 64 56 64 64 64 64
64 64 64 64 72 72 63 56
72 72 63 56 56 56 56 56
63 63 63 72 72 72 72
72 72 64
63 63 56 64
64 72 72 72 63 32
56 56 56 63 72 72 72 72
63 56 63 63 63 63 72 72
56 56 56 56 56 56 56 56
56 56 56 56 72 72 72 72
72 63 56 56
64 64 64 72 72 72
72 72 72 72 72 63 63 63
56 64 64
64 40 56 64 56 56 56 64 64
64 64 64 64 64 64 64
64 64 64 64 64 64 63 63
63 63 63 63 63 63 63
64 64 64 64 64 56 56
56 63 63 63
56 56 72 64 64 64
56 56 56 56 64
64 63 63 63 56 56 64
64 64 64 64 64
64 64 64 64 48 48 48
24 24 24 24 24 48 64 64 64
64 72 72 56 56
56 56 56 56 63 63 63 63
72 64 32 32 56
64 64 64 64 64 64 64
63 63 63 63 63 63 64 64
72 48 48 48 24 48 48 72 64 64
64 63 63 56 56 63 63
63 63 63
63 63 63 63 56 56
72 72 72 64
72 63 63 63 63 63 63
56 32 56 56 56 56
56 64 64 64 64 64 64 72
56 56 63 63 63 63 63
63 63 63 63 64 63 72 63
63 63 63 63 63 63 63
64 64 64 63 63 63 63 64 64
64 64
40 63 63 56 32 56 56
56 72 72 72 72 72
72 64 64 72 64 64 64 72
72 72 72
72 72 72 72 72 72 72 72
56 56 56 56 56 72 72 64
64 64
64 64 56 63 63 63 72
72 72 72 72
64 64 64 72 72 72 72 63
63 63 72 72 72
56 56 56 56 56 56 56 56 63
63 63 63 63 63
63 63 63 63 63 63 63 72
56 56 56 56
81 64 72 81 72 56 56
56 56 56
63 63 72 64 72 72 72 72
72 72 72
72 64 64 64 63 63 63
64 64 64 64 56 56 56
56 56 56 56 72 72 72
72 56 56 72 72 72 72 72
56 32 56 56 56 56 56 56 56 56
56 56 63 42 63 63 63
63 63 64 56 32 56 56 56
64 72 72 72 63 63 56 56
56 64 64 64 64 72 64 56
56 56 56 56 64 64 56 56
56 56 56 72 45 45 45
72 72 72 72
72 64 64 64 64 64 72 32 56 56
56 56 56 56 56 56 56 56 56
56 56 63 72 63 72
63 63 72 72 72 72 72 45
72 72 72
32 32 32 64 56 56 56 56 56
64 64 63 63 64 64 64 64
72 45 72 72 72 64 64 72 72
45 72 72 72 72 72
32 32 56 56 56 56 36 32 32
32 32 32 56 56 64 64
56 56 63 72 72 63 56
64 64 64
64 72 72 64 64 64 64
63 63 24 63 63 63
63 63 36
63 63 63 56 72 72
72 64 64 64 72 72 63
63 63 63 63 63
63 63 63 63 63 63 64 64
56 56 56 56 56 56 56 56
56 56 56 56 32 56
64 64 64 72 63 63 63 63 42 64
64 64 72 72 56 56
64 64 64 64 56 56 56
56 56 56 32 32 32 32 32
56 56 56 56 56 56 56
56 56 64 64 64 63 63 63
56 56 56 56 32 32 32
32 56
56 56 56 56 56 56 56 56
56 56
63 72 72 63 63 63 42 35
42 42 48 48 48 63 64
32 32 32 32 32 32 56 32 56
63 63 63 56 56 56 56
56 63 64 64 64 64
64 64 72 63 63 63 63
63 63 63 63 56 56 64
64 56 56
56 56 56 56 56 64 64
64 56 56 56 56 32 32
56 63
63 63 63 42 40 40 64 64
72 64 64 72 72 63
36 36 56 56 56 56 32 56 56
56 56 56 56 56 56 64
64 56 56 63 72 72
72 72 72 72 63 63 63
56 56 56 56 56 56 56 56
56 56 56 56
56 56 56 56 56 56
56 56
56 56 56 56 63 63
63 56 56 56 63 63
63 56 32 32 56 56 56
32 32 56 56 56 56
72 72 72 64 64 64 64 63 63 63
63 64 64 64 56 56 56 56 56
56 56 64
56 56 56 72 63 63 64 64 64 64
64 64 64
63 63 63 63 63 64 72 72 72
64 64 64 63 63 63 56
56 56 56
32 32 63 36 36 32 32 45
72 64 64 64 64 64 64
63 63 63 40 64 64
64 64 64 72 72 72 72 72 72
0 0
