64 56 20 20 63 56 64 64 56
42 42 56 56 56 56
56 63 63 56 56 56 64
64 64 64 64 64 64 64 64 64
4 4 4 4 4 4 64
64 56 64 64 64 72
64 64 64 64
48 48 64 64 64 64 64 56
56 42 56 56 64 40 48
64 64 64 64 64 64 56 56
64 64 56 56 56 56 40
64 64 64 64 64 64
56 56 56 56 56 63 63
64 56
56 56 56 56 56 56 56 56
35 35 64 56 56 56 56 35 56
56 56 56 56 64
64 64 56 56 56 56 56 56 56
64 56 64 64
64 64 64 56 56 56 35 35 63 63
63 63 56 56
56 56 56 56 56 56 56 56 56
56 56 56 56 56
56 56 63 56 56 56 63 63
56 56 56
56 64 64 56 56 56
56 56 64 64 64
64 64 64 56 56 64 64 56 56
40 56 63 63
64 56 56 56 56 64 64
56 56 35 56 63 63 64 56
56 64
35 56 56 56 56 56 56
56 56 56 56 64
56 56 56 56 56 56 64 64
64 64
64 56 56 56 42 56 56 56 63
63 56 56 63 63 63
63 63 56
56 56 56 56 56 63 63
63 63 63 63 63 63 63 63
63 63
56 63 63 63 63 63 63 56 56
56 56 56 64 64
64 64 64 48 63 48 63
56 56
56 56 56 56 56 56 56 56 56
56 56 56 56 64 56 56 63
63 63 56 63 42 63 63
56 56 56 56 56
56 42 56 56 56 35 35
56 56 56 56 56
56 56 56 56 63 42 42
56 64
64 56 56 64 42 42 42
56 56 64 72 63 63 63
56 56 56 56 56 42 42
63 63 42 42 42 42 63
56 56 56 56 56 35 35
42 56 56 56 56 56 56 56
42 56 56 56 56 56 56 56 56
56 56 56 56
56 56 56 56 63 63
63 56 56 63 63 63 56 56
56 56 63 63 63 64 64
64 64 56 64 64
48 48 48 72 72 64 56
42 63 63 63 63 63 56 56
56 56 56 63 63 56 56 56
56 56 35 35 63 63 56
56 56 56 56 56 56
63 63 63 63 56 56 56 56 56
35 42 63 63 63 63 63 42 63 42
42 56 56
56 56 64 56 56 56 56 56
63 63 56 56 56 56 56
56 56 56 35 56 56
56 56 56 56 56 56 56
56 56 56 56 56 56 56 35 35 42
42 63 63 63 63 63 64 56
35 56 63 63 63 56 56
56 56 63 63
63 63 63 56 56 56 64 56
56 56 56 56 56
56 56 56 56 56 63 63
56 56 56 35 56 63
63 63 63 63 56 64 56
56 56 56 56 56 56 56 56 56
56 56 35 56 56 56 64 64 64
64 64 56 56 56 56 56
56 56 56 56 63
63 56 64 35 35 35 42 42 42
56 56 56 56 56 56 56
56 56 56 56 56 56 56 56 56
56 56 56 56 56 56 56
56 56 56 56 64 56 56 64
64 56 64 64 64 64 64 64 64 64
56 56 56 56 56 64 64 64 64
56 48 72 63 72 72 63 63 56
56 56 56 56 56
56 56 56 56 56 42
35 56 56 56 56 56 56
24 24 63 63 64 64 56
56 63 56 42 63 56
56 56 63 63 63 56 56 63
63 56 63 63 56 56 56
56 56 64 64 56 56
56 56 56 56 56
63 56 56 56 56 56 42
42 64 64 64 64 72 63
35 56 56 64
64 56 56 56 56 56 56 56 56
56 56 56 56
56 56 56 20 20 20 20 64
32 20 20 20 20 20 56
56 40 56 56 64 56 56 56 56 56
56 56 56 64 56 56 56
56 56 56 64 64 64
56 56 56 64 64 64 64
64 56 56 56 56 56
64 64 56 63 63 42 42 42
63 63 63 20 20 56 56
35 63 63 63 63 63
63 63 63
56 56 56 56 56 56 56 56
56 63 63 63 64 64 64 64 0
0 0 0 0
0 0 0 0 0 56 56
35 63 63 42 35 56 56
63 63 63 56 56 56
56 56 56 64 64 64 64 56
56 56 56 56 64 64 56
64 56 56 56 56 56 64
64 42 63 63 63 64 0
0 0 0 0 56 35 35
56 56 56 35 35 56 63
63 56 0 0 0 0
0 56 56 56 56 35 56
56 56 56 56 56 56 56 56
56 56 56 56 56 56
56 56 56 42 42 63 63 63
63 63 56
56 56 63 63 56 56 56 56
64 56 56 42 56 56
56 56 56 56 56 56 56 56
56 56 56 63 63
63 63 42 56 56 56 56
56 56 56 56 56 42 42
63 63 63 56
56 56 56 56 42 63
56 56 56 56 63 63 63 63
63 63 42 63 56 56
56 20 56 63 63 63 63 63
63 63 63
63 42 24 56 72 64 64 56
56 32 64 64 32
64 64 64 64 56 56 63
63 63 56 56 56 63 56 56
56 56 56 56 56 56 56
56 56 56 64 56 56 56
56 56 56 56 56
32 56 56 64 64 64 64 56
56 56 56 56 63
56 56 72
20 56 56 56 56 56 56
56 56 56 56 56 56 56
63 63 56 56 56 56 56 42
63 56 56 56 56 56 56
56 56 64 32 64 64 56
32 32 64 64 64 35 56 56
56 56 56 56 42 63 56
63 56 64
56 56 56 56 63 42 63 63
63 63 56 35 56
35 35
35 56 56 35 35 56
63 63 56 56 56 56
63 63 63 63 63 63 63
56 56 56 56 56 56 56 56
56 35 56 56 64
56 56 56 56 56 56 56 56 56
32 56 64 20 20 20 20
56 64 64 20 56 56 56
56 56 56 56 56
56 56 64 56 20 56 32 56
56 56 56 56 35 56 64 64
56 40 64 64 56 56
63 63 63 64 64 25
25 20 35 20 20 35 56
56 64 56 56 56 35 35
56 56 56 35 56 56
56 56 56 25 25 25 20 64
64 64 64
25 56 56 56 40 64 64
64 40 40 25
40 40 25 25 25 25 64 64
56 56 56 56 20
64 64 64 64 40 72
72 64 64
40 40 40 25 25 20 35 64 64
64 64 64 64 35 56 40
56 56 63 63 56 56
56 56 56 56 56 56
56 56 56 56 63 63 56
56 63 56 56 56 56 56 56 56
56 56
56 56 56 56 56 42
63 56 56 56 56 56 56 56
56 63 63 63 63 63 64
64 64 64
64 64 56 56 63 56
56 63 42 35
63 63 63 56 72 56 56
56 56 56 56
56 64 63 63 63 63 56
56 63 63 63 63
56 56 56 56 56 56
56 56 56 56 56 56 56
56 56 56 56 56 56 56 56
56 56 64 64 64
64 56 56 56 64 64 56 56
56 56 56 56 35 35
56 56 56 56 56 72 63
56 56 63
63 56 56 56 63 56 56 56 56
56 56 56 56 56 56 56
64 56 56 56 56 56 56
56 56 56
56 56 56 56 56 64 64
56 64 64 63 35
56 56 56 63 56 64 64 64
56 64 64 56
56 56 56 63 63 56 56 56 56
56 56 56 56 56 56 56
56 56 56 35 35 35 35 56 56
56 56
56 56 56 56 56 56 56 35
20 20 20 36 56 56 56 56
56 56 63 63 56 56
56 56 56 56 56 56 32 56
56 56 56
42 63 56 56 56 56 56 56 56
56 56 56 56 56 56 63
42 42 56 56 56 56
56 56 56 56 56 56 56 56
56 56 56 56 56 35
56 56 56
56 56 56 56 56 56
56 56 56 20 20 20 64 64 64
64 64 56 64 64 64 56 56
56 56 56 56 64 48 42 72
63 63 56 56 56 56 56
35 35 56 56 56 56 25 25
25 25 25 25 25
25 25 56 64 64 56
56 64 64 64 64 64 64 64
64 64 64 64 64 64 0
