63 63 63 63 63 63 63 63
63 63 63 63 63 63 64 64 63
56 63 72 72 63 64
64 63 63 64 64 64 64 64
64 64 64 63 63 63
63 63 72 64 63 63 63 56
63 63 63 63 63
63 63 63 63 63 63 63 63
64 63 63 63 63 63
63 63 63 63 63 63 63
64 64 64 64 63 63 63 63 63
64 64 56 63 63 64 64 64
63 63 63 63 63 63 36
63 63 63 63 63 63 64 64 56
63 63 63 63 64 64 64 64 64
64 64 64
63 63 72 72 72 72 72 72 72
72 72 72 72 72 63 63
63 63 63 56 56
63 63 63 63 63 63 63 63
63 63 64 64 64 64
64 56 64 64 64 64 64 64 64
64 64 64
64 64 64 64 64 64 63 72
72 63 63 63 63 63
56 56 56 56 56 56 56
56 63 63 63 63 63 63 63
63 56 56 63
56 56 56 56 64 64
64 63 63
56 64 64 64 64 64 64
56 56 56 56 56 56 56
63 64 64 64 64 56 56
63 63 63 63 63 72 72 72
72 63 63 63 63
63 63 63 63 64 64 64 56
63 63 63 63 56 56 56
56 56 64 63 63 56 72
72 72 72
72 72 36 36 9 36 36 63
63 64 64 56 56 64 64 64
64 64 64 64 64 64 63
63 72 72 72 64 72 63
64 64 64 64
56 56 56 56 56 56
64 56 56 56 56 56 56 56
56 63 63 72 72 63 72
72 72 64 72 72 63
72 72 64 64 64 64 63 63 63
63 63 63 63 72 72
63 63 72 64
64 64 56 56 56
56 56 63 56 56 63 63 56
63 56
56 56 56 56 56 64 64 64 64 64
56 56 64 64 42 21 21 21
42 72 64 64 64 64
63 63 63 63 63 63 63 63
64 64 63 63 63 63 63
64 64 63 63 64 64
64 64 64 63 63 63 63 63
63 63 63 64 64
64 56 63 63
72 63 64 56 63
64 64 63 64 56 63 63
56 63 63 63 63 63
63 63 63 63 72 64
64 63 63
56 56 56 64 56 64
63 63 64 63 63 63 63 63
63 63 63 63 63
63 63 63 63 63 64 64
56 56 56 56
56 56 56 56 56 63 72
72 72 64 64 64 63 63 63
63 63 63 56 56 56 56
56 56 56
56 56 56 56 56 56 56 56
56 56 56 56 56 63 64 64
64 64 56 56 64 56 56
56 56 56 56 56 63 63
63 63 63 63 56 56 56 56
56 56 56 56 56 56
56 63 63 63 63 63 63
63 63 56 56 56 56
63 72 72 72 81 81 72 63
63 63 63 63
64 64 64 64 64 64 56
56 56 56 56 56 56 56
56 56 63 63 42 63 63 63 63
63 63 63 63 63 63 63
63 64
64 64 56 32 32 32 32
32 32 63 72 64 64 64 64
64 64 64 64 72
64 64 64 56 64 63
64 64 64 64 64 64 64 56 63
63 63 63 63 56 56 56 56
56 64 64 56 56 63 63
63 63 63 63 63 63
72 72 72 72 72 72
56 64
63 63 63 63 63 63 63 63 72
72 72 64 64 64 63
72 64 64 64 72
72 72 72
72 72 72 63 63 63 72
72 72 72 63 63
64 64 64 63 63
72 72 72 72 64 72 63
63 63 63 63 64 56
56 64 64 63
63 63 64 64 64
64 64 56 56 56 63 63
63 63
72 72 72 72 81 81 81
72 72 72 72 56
56 56 56 56 63 63 64
64 64 64
63 63 63 63 63 63 63
63 63 72 72
72 72 72 72 72 72 72
72 64 64 64 64
63 63 63 63
63 63 64 64 64 64 64 63 63
63 63 63 63 63 63 64
64 64 64 64 72 72
72 72 72 72 72 72 72
64 64 72 72 63 63
63 63 63 63 63 63 63
63 63 63 64
64 64 64 64 64 63 63 63
63 63 63 63 63 63
63 63 63 63 63 63 56
56 63 63 63 63 63
63 63 3 24 24 24 24 63 63
63 63
64 64 63 56 56 64 63
56 56 56 56 56 72 64 64
64 64 56 63 63 63 63 63
63 63 63 63 63 63 63 63
63 63 63 63 63 63 63 63 63 63
64 64 64 56 56 56 56 56 56 63
72 72 72 72 72 72
72 72 64 64 64 64
64 64 64 64
64 64 64 64 63
63 72 63 63 63 63 63
63 63 63 63 63 63 63 63
63 56 56 56 56
63 72 72 72 72 72
72 72 72 72 72 72
72 72
72 72 72 72 72 72
72 72 72 72 72 72
72 72 72 72 72 72
72 63 63 63
63 63 63 63 63 56 56
56 56 56 56 63 63 63
63 63 63 63 63 56
56 63 63
63 63 63 63 63 63 56 56
63 63 63 63 63 63 63
63 63 63 63 63
63 63 63 63 63 63 63 63 63
63 63 63 63 63 64
64 63 63
63 63 63 63 63 63 63 63
63 63 63 63 63 63 63 63 63 63
56 56 56 56 56 56 56 56
63 63 63
64 64 63 63 63 63 63
63 63 63 63 63 63 63
63 64 64 64 56 56 56 56 56
56 56 56 56 56 72 72 72 72
63 63 72 72 72 72
72 72 72 72 72 72 72
72 72
63 63 63 63 63
63 63 63 63 63 63
63 63 63 63
63 63 63 63 56 56
56 56 56 56 63 72
72 72 72 72 72 72
72 72 72 72 72 72 72
63 63 63
63 63 63 63 63 56 56 63
56 56 63 63
63 63 36 36 36 36 36 36
63 63 63 56 56 56 56
63 63 63 63
72 72 72 72 72 72 72
72 72 63 56 56 56
56 56 56 64
64 64 64 64 64 64 72
72 72 56 56 56 72 72
72 72 72 72
72 72 72 72 72 72
72 72 72 63
36 63 63 63 63 36
36 36 63 36
9 9 36 63 63 63 63 63
63 63 63 63 63 63
72 63 63 63 63 56 56 56
56 56 56 56 63 63 63 63 63
63 63 63 64 63
72 72 72 72 72 56 56 56 63
63 63 63 63 72 63 63 72
63 63 72 72 63 63
63 63 63 56 64 64 56 56
56 56 56 64 64 72 72
63 63 63 63 63 63 63
63 63 63 63 63 63 63
63 63 63 63 63 63 63
63 36 63 63 63 63 63
63 63 63 63 63 63 63
63 63 63 36 36 36 36 63
56 56 56 56 56 56
56 63 63 63 63 63
56 63 63 63 63 63
72 72 72
72 56 64 72 63 63 63
63 63 63 72 72 72 72 72 72 63
63 63 64 64 64 64 72 63
63 63 63 63 63
63 63 63 63 63 63 63 64
64 64
64 64 64 64 63 72 64 64 64
64 63 63 63 63 63 63
64 64 64 64 64 64 64
63 63 63 64 64 64
63 63 56 63 56 56 56 56 0 0
