72 63 72 72 72 72 72
72 63 63 64 63 63 63
64 64 56 64 64 64 64 64 56
64 64 64 64 64 56
56 56 64 64 64 64
64 64 64 64 64 56 56 56 63 56
56 63 56 56 63 64
63 63 63 64 64 64
64 64 64 64 63 63 63 63
63 72 72 72 56 56
56 64 64 64 72 72 72
72 72 72 72 72 56
56 64 56 63 63 63 63 63
63 63 64 64 64 64 72
64 64 64
0 0 0 0 0 0 0 0 0
0 0 0 0 0 0
0 0 0 0 0 0 0
0 0
0 64
64 64 64 64 64 64 64
45 45 64 64 64 64 64 64
64 64 64 64 64 64 64
63 64 64 64 64 64 64 64
32 40 40 40 64 64 64 64 64
64 63 64 64 64 64 64 56
56 56 56 32 56
64 64 64 64 64 64
64 56 64 64 64 64 64 64
64 64 64
64 64 64 63 63 63
63 63
72 72 72 72 72 72
63 63 63 63 72 64 64 64
64 64 64 64 64 64 64 64
64 64 40 64 64 64
64 64 64 64 64 64 64 64 64 64
64 64 64 63 56 64 64
64 64 64 64 32 64 64 64
64 64 63 63 36 24 24 24 63
64 64 64 64 64 64 64 64
64 64 64 64 64 63 63 63
63 63 64 64 72 64 64 64 64
64 72 72 64 72 72 63
63 63 63 64 64 64 64 64
64 64 64 64 64 64
64 64 64 64 64 64
64 64 64 64 64 63 63
63 72 72 72 72 63 36 36
36 63 63 63 63 72 63 63
64 64 63 63
64 64 64 56 64 64 64 64
64 64 64 40 64 64
64 64 72 63 63
63 64 64 64 64 64 56
56 56 56 56 63 63 63
63 63 72 72 64 64 64 64 64
64 64 64 64 64 64 64 64
64 64 64 63 63 64 64 64 64
64 64 64 63 63 63 72 72 72 72
72 72 72 72 72 72 72
63 63 63 63 63 63 63 63
63 63 63 63 63 72 72 72
56 64 64 64 72 72 72 72
72 56 56 56 56
56 63 64 64 63 63 63
64 64 64 25 0 0 0
0 0 0 64 64 40 0 4
4 0 0 25 25 0 72 64 64
72 63 64 64 64 64
64 64 64 64 64 64 72 63
64 64 64 64 63 63 63 63
63 72 72 72 72 63 63 63
63 63 63 63 72 72 64
64 64 64 64 56 64 56 32
32 56 64 63 63 63 45 72 64 64
64 45 72 64 64 63 64
64 64 64 64 64 64 64 64
64 64 64 64 64 64 64
64 64 64 72 64 64 64 64
64 64 64 45 64 64 64
64 64 64 64 64 64 63
45 64 64 64 64 64 64 64 64
64 64 72 48 24 24 48 72 72
64 64 64 64 64 64 64
64 64 64 64 64 64 64 64
64 63 63 56 64 64 64
64 64 64 25 64 56 56 63 63
63 63 63 63 63 63 63 63
63 63 63 63 32 56
56 63 72 64 56 32 36
56 64 64 63 63 63 72
63 63 63 56 56 56 63 56
32 32 32 32 56
64 64 63 63
63 63 56 63 63 63 63 32
36 36 64 64 64 64 64
64 64 64 64 64 64 63 63 63
72 72 63 63 56 56 56 0
0 0 0 0 0 0 56 56
56 56 56 56 63 63 63 63 72
64 64 63 63 63 63 63 63
36 32 36 36 36 63 63
64 64 64 64 64 63 72 72
72 72 72 72 72 72 63 63
63 63
64 64 64 64 64 64 64 64
63 72 64 72 63 63 63 64
64 0 0 0 0 25 20 20
25 25 25 72 72 72 72 63
63 63 63 63 63 63 63 64 64
64 64 64 64 64 64 64
64 64 64 64 64 64 64 64 64
64 64 64 64 64 64 64 64
64 56 56 0 56 48 72
48 48 48 64 64 56 64 64 64
64 64 64 56 64 64 56 56 56
64 56 56 64 56 56 56 64
64 56 56 56 56
56 56 56 56 56 56 64
64 64 64 64 64 64 64 63
63 64 64 64 64 64 64
64 64
64 64 64 64 64 56 64 64
56 56 56 56 56 56 56 56
64 63 63 63 63 64 64
64 64 64 64 64 72 72 32 8
8 32 64 64 64 64 64 64
64 63 56 56 64 64
64 64 0 0 0 0 0
0 0 0 0 0 0 0 0
0 0 0 0 0 0
0 0 0 0 0 0 0 0 0
0 64 72 64 64 64 72 63 63
56 56 56 63 63 72 63 64 64 64
64 64 64 64 63 56 64
64 64 64 64 64 63 63
63 63 64 64 64 56 64 64
64 64 64 64 64 64
64 64 56 56 56 56 56
64 64 64 63 63 42 64 64
64 56 56 56 56 56 56 56
56 56 56 56 64 64
56 56 56 56 56 56 64 64
64 64 64 64 64 64 64 64 64
64 64 64 64 64 64 64 64
64 64 64 64 64 72 63
64 64 64 64 63 63
63 63 63 36 63 63 63
64 64 63 63 63 0
0 0 0 0 0 0
0 0 63 0 0 72 72
72 72 72 72 72 72 64 63
63 63 63 63 63 63 56 64
64 56 72 72 64 64 64
32 32
64 72 56 56 56 63 72
72 72 72 64 64 32
32 56 56 32 32 64 64
64 64 64 64 64 64 64 64
64 36 63 63 64 63 63
63 64 64 64 64 64 64 64 64
64 64 64 64 64 64 64 64
64 64 64 64 64 64 64 64
64 32 56 64 64 56 56 63
36 63 63 63 72 72 72 72 72
72 72 72 64 64 64 64 64 64 64
64 63 63 63 63 63 63 63
36 36 63 63 63 63 63
63 36 63 63 63 63 63 64 64 64
64 63 63 64 56 64 64 64
72 63 56 56 63 36 32 56
56 64 63 63 63 63 63
64 64 64 64 64 63 64
64 64 64 64 64 64 56 63
56 64 64 64 56 56 63 56 56 56
56 56 56 64 56 64
56 63 63 63 63 63 63
63 63 56 64 64 64 64
64 64 64 64 63 64 64 64
56 56 56 56 64 64 64
63 56 56 56 56 63
63 64 64 64 64 64 64
64 64 64 63 63 63 63 72
72 72 72 56 63 63 63 0 72 72
72 72 72 63 63 72 72
72 64 72 63 63 63 64 64
63 56 63 63 63 63 63 63
0 0 0 0 20 25 56 56
64 64 64 64 64 63 63 72
72 72 72 72 72 72 72 72 72 72
72 72 72 72 72 64 64 56
63 56 72 63 56 56 72 72 63 63
63 64 64 64 64 64 64 64
64 64 64 64 63 63
63 63 63 63 63 64 64 64 63
63 63 63 63 63 63 56 56
63 64 64 63 63 63 63
72 72 72 72 72 72 72 72
72 72 72 72 72 72 72 63 72
72 72 56 56 56 64 56 64
64 64 64 64 64 64 64 64
64 64 64 64 64 64 64
64 64 64 64 64 64 64 64 64
64 72 64 64 64 64
64 72 56 56 56
56 64 63 64 64 64
64 64 64 64
56 56 56 56 64 64 64 64 64 64
64 56 56 63 63 63 72 56
56 63 63 63 63 63 63 63 63
63 64 64 56 56 56 56 56
56 56
72 72 64 64 64
64 64 64 64 56 32 32 32
56 64 64 64 64 56 56 56
63 63 63 63 56 56
64 56 56 56 64 64 63 63 63
63 63 63 63 63 63 63 63
56 56 56 72 72 72 56 64
56 63 63 63 63 63 63
63 56 56 64 64
64 64 64
64 64 64 64 64 64 64
64 64 64 64 72
72 56 56 56 56 63 63 63
64 64 64 64 72
