64 63 63 63 63 63 63 63 63 63
63 63 63
63 63 63 63 63 63 63 63
63 63 63 63 63 63
63 63 63 63 56 63 63 63
63 63 63
63 56 56 56 64 56 56 56 64
63 63 63 63 63 63 56
63 63 63 63 63 63 56 64 64
63 63 63 63 63 63 63 63
63 63
63 36 56 64 64 56 56
56 56 56 63 63
63 63 63 63 63 63 63 63
63 63 63 63 63 63 63 63
63 63 63 63 64 0 0
0 0 0 0 0 0 0 0
0 0 0 0
0 0 0 0 0 0 0 0
0 0 0 0
0 0 0 0 0 0 0
0 0 63 64 56 56 56 63
56 56 56 63 63
63 63 63 63 63 63
63 63 63 63 63 63 56 63
63 63 63 63 63 64 63 36 36
63 63 63 63
63 63 63 63 63 63 72
63 56 56 64 56 56
63 63
63 63 63 63 56 56 64 64
56 63 63 63 63 63 63
63 63 63 63 63 72 72
63 63 63 63 63 63
63 72 63 63 56 56 56 56
63 63 63 63
63 56 63 63 63 63 63
63 63 63 63 56 63 63
63 63 64 63 63 63 63
63 56
56 63 63 63 63 63 63
63 63 63 63 63 63 63 63
63 63 63 63 63 63 63
63 64 72 72 72 72 72
63 63 63 63 63 56
56 56 56 56 56 56 63 63 63
63 63 56 56 56 63 63 56 56
56 56 56 56 56 56 63
63 63
63 63 63 63 63 63 63
63 63 63 63 63 63 63
63 63 63 63 63 63
63 63 63 63 63 64 64
56 56 56 56 56 56
56 63 63 63 63 63 63 63 63
63 63 63 63 63 63 63
56 56 56 56 56 56 56
56 56 56 56
56 63 63 63 63 63 63
63 63 63 63 63 63 63 63
63 72 63 63 63 63
63 63 64
63 63 63 63 63 56 63 63
56 63 56 56 63 63
63 63 63 63 63 63 63 64
56 56 56 56 56 56 56 56
56 63 63 63 63 63 63 63
63 63 63 63 63 63 63
63 63 63 63 63 63 63 63
63 63 63 63 56 64 56
63 63 63 63 63
63 56 63 63 56 56 56
63 63 63
56 63 63 63 63 63 63
64 56 63 63 63
56 63 63 63 63 63 63 63
63 63 63 63 25 0 0
0 0 0 0 0 0 56
56 56 56 56 63 63
63 63 63 63
63 63 63 63 63 63 63 63
63 63 63 63 63 63 63 63
63 63 63 63 63 63 63
63 63 56 63 63 63 56
63 63 63
63 63 63 63 63 63 63
63 56 56 56 63 63
63 56 63 63 63 63 63
63 63 63 63
63 63 63 63 63 63 63 63
63 63 63 63 63 63 56 63 56
63 63 63 63 63 63 63 56
63 63 63 56 63 0 64 0 0
0 0 0 0 0 0 0 0
0 0 64 64 63 72 72 63
63 63 63 63 63 63 63 63 63
63 63 63 63 63
63 63 63 63 56 56
56 63 56 63 63 63 63 63 63 63
63 63 63 63 63 63 63
56 56 56 56 64 64 64 56
56 63 56 64 63 63 63 63
63 63 63 63 63
63 56 63 56 63 63 63 63
63 63 63 63 63 63 63
63 63 63 63 63 63 63 63
63 63 63 63
56 63 56 63 64 63
63 63 56 56 56 63 63
63 63 45 32 32 32
24 45 40 30 30 25 64 32 64
64 72 63
56 56 56 63 63 63 63 63
63 63 63 56 56 56 56
56 56 56 49 56 56 56 63 63
63 63 63 63 63 63 63
63 63 63 63 63
63 63 63 63 63 63 63 72
72 63 63 72 63 63
63 63 63 63 63 63 63 63
72 64 63 63 63 63
63 63 63 63 63 63 63 63
63 63
25 40 45 25 81 0 25 24 24 24
24 30 30 63 63 63 63
63 63 56 63 63 72
63 63 63 63 63
56 56 63 63 63 63
56 63 56 63 63 63 63
63 63 63 63 63 63 63 63
63 63 63 63 63 63 63 63
63 63 63 63 63 63 56 63
63 63 63 63 63
64 56 56 56 56 63 63 56 63
63 63 63 63
56 56 56 63 63 56
63 63 63 56 63 63 56
63 63 63 63 63 63 63 63
63 63 63 63 63 63 63 63
63 63 63 63 63 63 63 63
63 56 63 63 56 56 63
63 56 63 63 63 63
63 63 63 63 63 63 63
63 63 63 63 63 63 63
63 63 63 63 63 63 63 56
56 56 63 56 56 56 56
56 56 56 56 56 56 56
63 63
56 63 63 63 63 63
63 63 63
63 63 63 63 63 63 63
63 63 63 63 63 63 63 63
63 63
63 63 63 56 56 63 63
63 63 63 63 63 56 63
63 63 63 63 63
63 63 63 63 63 63 63 63
63 56 56 56 56 56 56
63 63 63 63 63 56 56 63 63
63 63 63 63 63 63 63 63
63 63 63 63 63 56 64 64 64
64 63 63
63 63 63 63 63 63 63 63
63 63 0 0 0 0 0 0 0
0 0 0 0 0 0 0 0 0
0 0 0 0 0 0
0 0 0 0
0 0 0 0 0
0 0 0 0 0 0 0 0 0
0 0 0 0 0
0 0 0 0 0 0
0 0 0 0 0 0 0 0
0 0 0 0 0 0
0 0 0 0 0 0 0 0 0
0 0 0 0 0 0 0 0
0 0 0 0
0 0 0 0 0 0
0 0 0 0 0 0
0 0 0 0 0 0 0 0
0 0 0
0 0 0 0 0 0 0
0 0 0 0 0 0 0 0
0 0 0 0 0 0 0
0 0
0 0 0 0 0 0 0
0 0 0 0 0 0 0
0 0 0 0 0 0 0 0
0 0 0 0 0 0 0 0 0
0 0 0 0 0 0 0 0 0 0
0 0 0 0 0 0 0 0
0 0 0 0 0 0 0 0
0 0 0 0 0 0 0 0
0 0 0 0 0 0 0 0 0
0 0
0 0 0 0 0 0 0
0 0 0
0 0 0 0 0 0 0
0 0 0 0 0
0 0 0 0 0 0 0 0
0 0 0 0
0 0 0 0 0 0 0
0 0
0 0 0 0 0 0 0 0 0
0 0 0
0 0 0 0 0 0 0
0 0 0 0 0 0 0 0
0 0 0 0 0 0 0 0
0 0 0 0
0 0 0 0 0 0 0 0
0 0 0 0 0 0 0
0 0 0 0 0 0 0 0 0
0 0 0 0 0 0 0
0 0 0
0 0 0 0 0 0 0
0 0 0 63 63 63 63 63
63 63 63 63 63 63 63 63
63 63 63 64 64 63 64 56 63
63 56 64 64 63 64
63 63 56 63 63 63 63
63 56 63 63 63 63
0 0 0 0 0 0 0 0
0 0 0
0 0 0 0 0 0
0 0 0
0 0 0 0 0 0 0 0 0
0 0 0 0 0 0 0 0
0 0 0 0
0 0 0 0 0 0 0 0
0 0 0 0 0 0 0 0 0
0 0 0 0
0 0 0 0 0 0 0 0 0
0 0 0 0 0 0 0
0 0
0 0 0 0 0 0 0
0 0 0 0
0 0 0 0 0 0 0
0 0 0 0 0 0 0 0
0 0 0 0 0
0 0 0 0 0 0
0 0 0 0 0 0 0
0 0 0 0 0 0 0 0 0 0
0 0 0 0 0 0 0 0
0 0 0
0 0 0 0 0 0 0 0 0
0 0 0 0 0 0 0 0
0 0 0 0 0 0 0
0 0
0 0 0 0 0 0 0 0
0 0 0 0 0 0 0
0 0
0 0 0 0 0 0 0
0 0 0 0 0
0 56 56 56 56 56 63
63 63 63 63 63 63 63
63 63 56 64 40 25 64
64 40 64 63 63 63 63 63 63
63 63 63 63 63 63 63
63 63 72 63 63 63 63 63 63
63 63 63 63 63 63 63
63 63 63 63 63 63 63
63 56 56 63 63 56 63
63 63 63 63 63 63 56
63 63 63 63 63 63 63 63 63 72
63 63 63 63 63 63
63 63 63 63 63 63 63
63 63 63
63 63 63 63 63 63 63 63
63 63 63 64 63 63 63 63
63 63 63 63 63 63 63 63
63 63 63
63 63 63 63 63 63 63 63 63
63 63 56 63 63
63 63 63 63 64 64 64 63
63 63 63 63
63 63 63 63 63 63 63 63 63
63 63 63
63 63 63 63 63 63 63 63
63 63
63 63 56 56 56 56 56 56
63 63 63 63
63 63 63 63 63 63 63 63 63
63 63 63 63 63 63
63 63 63 63 63 64 63 63 63 63
63 63 64 63 63 63 63
64 64 64 56 64 63 63 63 63
63 63 63 63 63 63 63 63
63 63 63 63 63 63 63
63 63 63 63 63 63 63
63 64 64 64 56 56 56 63 64
63 63 63 63 63 63 63
63 63 63 63 63 63
63 63 63 63 63 63 63 63
63 63 63 63 56 56 56 56 56
56 63 63 63 63 63 63
63 63 63 63 63 63 63
63 63 63 63 63 63 63 63
63 64 64 63
63 63 63 63 63 63 63 63
64 64 64 64 72 64 56 64
64 63 63 63 63
63 63 63 72 63 63
63 63 56 64 72 64
64 56 63 63 63 63 63
63 63 56 56 56 56 56 56 56 56
63 63 63 63 63 63
56 63 63 63 63 63 63 63
63 63 63 63 63 63 63
63 63 63 63 63 64 63
63 64
56 64 63 63 63 63 63 63
63 63 63 63 63 63 63 63
63 63 56 56 56 64
56 64 56 63 64 64 56 56
56 56 56 56 56 63 56 63
63 63 63 63 63 63 63 63
63 63
63 63 63 63 63 63 63
63 63 63 63 63 63 63
72 63 63 63 63 63 63 63
0 56 42 24 24 15 30 0
30 30 30 30 30 63 63 63
63 63 63 63 63 63 63
63 63 63 63 56 63 63 63
63 63 63 63 63 63 63 63
63 63 63 63 63
63 63 63 63 63 63 63 63
63 63 63 63 63 63 63
63 63 63 63 63 63 63 0
0 0 0 0 0 0 0
0 0 0 0 0
0 0 0 0 0 56 63
63 63 63 63 63 63 63
63 63 63 63 63 63
63 63 63 63 63
63 63 63 63
63 63 63 63 63 63 63 63 63
63 63
64 64 56 56 63 63 63 63 63
63 63 63 63 63 63 63
56 63 63 63 63 63
63 63 63 63 63 63 63
63 63 63 63 63 63 63 63 63 56
63 63
63 63 63 63 63 63 63 63
63 56 63 63 63 63
63 63 63 63 63 63 63
63 63 63 63 63 63 63
63 63
63 63 63 63 63 56 56 63
63 63 63 63 63 63 63 63
63 63 56 56 63 63 63
63 63 63
63 63 63 64 64 64 56 56 63
72 63 63 63 63
56 63 63 56 63 63 63
72 72 72 63 63 63 63 63 63
63 63 63 63 63 63 63 63
63 63 63 63 63 63 63 63 63
72 64 56 56 56 63 63
63 63 56 56 63 63 63
63 63 63 63 63 63 63 63
64 64 63
63 63 63 63 63 63 63 63
63 63 63 63 63
63 63 63 63 63 63 63 63
63 63 63 63 64 63 63
63 63 63 63 63 56 56
63 63 63 63 63 63
63 64 64 56 63
63 63 63 63 63 63 63 63
63 63 63 63 63 63 63 63
63 63 25 25
40 40 40 40 40 40 40 25
40 40 40 63
63 63 63 63 63 63 63 63 63
63 63 63 63 63 0
