56 63 63 63 56 56 56 25 25
64 64 64 56 32
32 32 56 56 64 63 63
63 63 64 64 64 64 32 32
32 56 56 56 56 63 63 64
64 64 64 64 64
0 0 0 63 63 64 64
64 64 64 63 63 63 63
63 63 63 63 56 56 56 56
64 64 64 64 64 64 64
72 56 56 64 64 64 48 42 42
48 72 48 64 64 64
64 64 64 64 64 64 64 64
63 63 36 72 64
63 64 64 36 63 63 63
56 64 64
63 63 56 56 64 64
40 63 63 63 63 24 63
63 63 63 63 63 63
63 56 56 56 64 56 56 56
56 56 64 64 32 32 56 56 32
56 56 56 63 63 63 63
63 63 63 56 56 56 64 63
63 63 63 63 63 63 63 63
63 56 64 64 64 63 63
32 32 56 56 56 56 32
32 32 32 32 32 64 64 63
63 63 63 63 64 64 64
56 56 32 56 63 63 63
63 63 63 72 72 72 72 64 32
32 32 63 63 63 63 63
72 72 72 72 72 56 32 36 63
63 36 63 63 63 63 56 56
63 63 63 72 72 72
63 63 63 63 63 56 56 56
40 45 72 72 72 72 72
64 72 72 63 63 63 72 72 72
64 72 72 63 63 63 63 56 63
63 63 63 63 63 63 63 63 63
63 63 63 63 63 63 63
63 63 63 63 63 63 63 63 63
63 63 63 63 63 63 63 63 63
63 63 63 36 36 63 36 63
63 63 63 63 56 63
63 63 63 63 63 63 63 63
63 63 63 72 72 72 36 36
36 63 56 56 56 56 56 40 40
64 63 63 63 63 63 63
0 0 0 0 0 0 0 0
0 0 0 0 0 0
0 0 0 0 0 0 0 0
0 72 72 72 72 72 63 56
56 56 56 56 56 56 63 63
63 63 63 63 63 63 63 63
63 63 63 63 63 63 56 56
56 63 63 63 72 72 72 72
72 64 72 72 63 63 63 63
63 63 63 63 63 63 63 63 63
63 63 63 63 63 63 63 63 56
63 63 63 63 63 63
63 63 63 63 63 56 56 56
56 56 63 63 36 36 56
64 64 63 63 63 63 63
63 63 63 63 63 63 63 63 63
63 63 63 63 63 63 63 63
63 63 63 63 56 64 64 64
63 63 63 36 24 24 24 24 63 63
64 36 63 64 64 56 56 56 56
64 64 64 64 64
56 56 63 56 56 63 63
63 63 63 63 63 63 56 56
56 56 56 32 56 32 32 32
56 56 56 63 63 63 63
64 64 64 64 63 63 63
63 63 63 36 36 63
63 63 63 36 63 63 63
63 63 63 63 63 63 63 63 63
63 63 63 63 56 56 72 72 72
72 72 64 72 32 63 63 63
63 63 63 63 63 63 63 63
63 63 63 63 63 63 63 72 81
63 56 63 63 63 63 72 56 63
56 56 64 64 64 64 56
56 56 56 56 64
56 56 56 56 56 56 56 56 56
56 56 56 0 0 0 0 0 0 0
0 0 0 0 0
0 0 0 56 63 63 63 63
56 56 56 56 56 56
56 56 56 56 56 56 56
56 56 56 56 56 56 56 56
56 56 56 56 63 63 56 56
56 56 56 56 24
63 63 63 63 56 56 56
56 56 56 56 56 56 56 56 56
56 56 56 56 56 56 56 56
56 56 56 56 64 56 56 64
64 56 56 56 56 56 64
64 64 64 64 64 64 64 56 56
56 56 56 56 56 56 56 56
56 56 56 56 56 56 64 64
64 56 56 56 56 56 56
56 56 56 56 56 56 56
56 56 56 56 56 56 56 56
56 56 63 63 64 56 56 56 64
64 56 56 63 42 42 42 63
56 56 56 56 63 63
64 56 56 64 56 63 64
56 56 56 56 56
56 56 56 56
56 56 64 64 64 64 64 64
64 64 64 64 64 64 64 64
64 64 64 63 63 63 63
64 64 64 64 64 64 32 64
64 64 64 64 63 63 63
63 56 56 63 56 63 63 63
63 63 63 56 56 56 64
56 36 36 36 36 36 63
63 63 32 32 32 32
32 32 32 32 63 63 63
56 64 64 64 63 36 63 63
63 63 63 63 20 20 20
32 63 72 45 72 0 36 36
36 36 36 36 36 36 63 56
36 63 63 63 63 63 36 36
36 36 36 32 56 63 64
64 64 64 64 56 64
56 64 56 56 56 56
32 32 32 32 56
32 32 32 32 32
35 56 63 63 63 63 63 63
63 56 56 64 64 64 64
64 64 64 64 32 32
32 32 56 56 56 32 32
32 32 64 64 64 64 64
64 64 56 56 64 64 56
64 64 64 56 56 64 64 63
63 63 63 63 64 0 0 0
0 64 64 64 63
63 63 63 63 63 64
56 63 63 63 0 0 63
63 63 63 0 0
63 63 63 63 63
63 63 63 63 63 63 64 40
72 56 64 64 64 63 63
63 63 63 63
63 63 63 63 64 64
64 64 64 32 32 64
64 64 48 24 48 48 48 48
48 64 64 64 64 64 64 63
63 72 64 56
40 64 64 64 64 64 56 63
56 56 64 56 32 32 63 63
63 63 63 63 64 56 56 56
32 32 63 63 56 56
56 56 56 56 56 32 56
56 56 56 56 56 63 63 63
32 32 63 35 40 56 64 64
64 64 56 56 56 56 36 32
32 32 32 56 56 56 56
63 63 63 36 36 32 32 32
32 32 32 32 56 56
56 63 63 63 63 63 64
64 56 63 63 36 45 45 45 45
45 45 45 45 45 36 36 36
36 36 36 36 36 36 36 36
63 35 36 56 35 56 32 56
56 42 48 42 56 64 64
64 64 64 56 56 56 56
56 56 56 56 56 63 63
63 56 56 56 56 56 56 56
56 63 63 72 72 72 72 63 63
63 63 42 42 63 63 42
42 36 63 63 63 42 42 42 42
42 42 42 42 56 56 56 56
56 56 56 56 63 56 56 56 56
32 32 56 63 63 63 63 63
63 56 56 56 56 56 56 56
56 56 40 64 56 56 56 56
64 64 56 64 64 64 64
64 64 64 64 64 64 56 56 64
64 64 64 64 64 63 63 63
63 63 63 56 56 32 32 56 32
56 56 56 56 56 56 56 56
56 56 63 56 56 56 63
63 63 63 63 63 56 56 64
63 63 63 63 36 36
36 32 32 32 32 32 56 72
42 63 56 56 56 56 56 56 56 56
56 56 56 56 63 63 56
56 56 56 56 56 56 56 56 56
56 35 56 63 63 63 56
56 56 63 36 63 56 56
56 32 32 56 64 64
64 63 64 64 64
63 63 63 63 56 56 63 56 56
56 56 56 56 64 63 56 56
63 63 56 56 56 63 63 63 63 72
72 64 72 72 63 63 63 72
48 63 63 63 63 64 63 63 63
36 36 36 36 64 64 64 64 64
64 64 64 64 56 56 56 63 56
56 56 56 56 56 56 56 56 56 32
32 56 36 56 56 56 24 24
24 24 24 24 24 24 63 63
63 63 63 63 36 72 72 72 72 64
64 32 32 56 63 63 63
36 63 72 72 72 48 24
48 48 48 48 48 24 48 48 48
48 48 48 48 48 72 72
63 24 36 36 9 9 9
9 36 36 36 9 36 36 36 36
36 36 36 36 63 63 63 63
63 63 63 63 63 36 63 63 63
63 63 63 63 63 63 0
15 15 18 15 15
15 15 15 36
36 63 63 63 63 63 36 36
9 9 9 9 36 63 63
63 63 63 36 63 36 63 63 32
64 64 64 56 56 56 56 56
63 56 63 63 63 63 63 63 63 63
63 63 63 36 36 36
63 36 63 36
36 36 36 72 72 72 63 32
56 56 36 63 63 63 40 64 64
64 64 64 64 64 64 64 64 64 56
56 32 56 56 56 56 56 56 56
56 20 20 20 63 63 36 36 36 36
36 36 36 63 63 63 63 72 64
64 25 64 64 64 64 64 36
56 56 56 32 32 32 56
56 56 56 56 56 32 56 56 56
56 56 56 63 63 63 0
63 63 56 56 56 56 64 56 64
56 56 36 24 24 36 36 63 63
63 63 63 63 63 63 63 63 56
64 64 64 64 64 56 56 56
56 64 64 64 56 64 56 63
63 63 63 63 63 56 56 56
56 56 56 56 56 56 56
56 56 56 56 56 63 56 56 56 63
56 56 56 56 56 64 64 64 56
56 64 64 56 64 64 64 64 64
56 64 64 56 64 64 63
64 64 64 64 64
56 56 56 56 56 56 56
63 24 64 56 63 63 63 63
64 64 63 63 32 56 56 56
56 56 56 56 63 56 56
56 56 56 56 56 56
56 56 56 56 56 56 56
56 56 56 56 63 63 63 63
56 56 56 56 56 56 56 63
63 56 56 56 63 56 56 63
56 56 56 63 63 63 63
56 63 63 63 63 63 63 63 24
24 20 20 56 56 63 24 24
24 24 0 0 0 0 24
24 24 24 24 24 63 64
64 32 56 56 56 32 32 32 32 56
56 56 56 56 63 63 63 63 56 56 72
72 72 72 72 72 72 72 56 56
56 9 9 36 36 36
36 36 36 9 36 36 36
36 36 63 63 36 36 36
36 63 63 63 63 30 72 72 45
72 72 72 9 36 63
63 56 56 36 36 36 36
36 32 32 32 63 63
63 63 36 45 72 72 72 72 72
72 72 36 36 36 36
36 36 36 36 36 0 0 0 0 0
0 0 0 0 0 0
0 0 0 0 0 0 0
0 0 0 56 63
63 63 63 56 63 63 63 64
72 72 63 36 45 45 81 72
72 63 36 32
56 56 63 36 36 36 72 72
63 63 72 45 32 45
36 9 9 9 8 8 8 8
8 8 8 9 8 8 8
8 8 8 56 63 36 36 36 56
32 32 36 9 8 8 8 8 8
8 9 9 8 8 8
8 9 9 36 35 35 35 35 35
35 56 56 56 56 64 63
63 63 63 63 63 72 64
63 64 64 64 45
63 63 63 64 56 64 64 64
64 64 56 32 40 32
32 64 64 64 64 63 63
63 64 64 63 63 63
63 72 72 64 64 64
56 56 63 24 63 63 72 72 63
40 64 64 64 64 64 36
32 32 32 36 63 63 63 63
63 63 63 63 64 64 64
64 56 32 36 36 36 36 63 72
72 64 64 64 64 64
64 63 63 63 64 64
64 64 64 64 64 64 64 64 63
63 63 32 56 64 64 64
64 64 64 64 40 45 56
64 64 64 64 64 64 40
56 56 32 32 56 32
56 56 32 64 64 64 64
64 64 64 0 0 0
