63 63 63 63 63 32 36
36 36 36
36 36 64 64 64 72
72 63 63 56 63 56 72 63 63
63 63 63 63
64 64 56 56 56 56 64
64 64 64 64
36 0 0
0 0 4 63 64 64 64
64 64 64 64 64 64 64
36 36 40 64 56 56 63 63
64 64 63 72 72 64
64 64 64 64 64 56 64 64 64 64
64 64 64 64 64 64 64 64
64 40 40 72 72 40 40 40
72 64 64 64 64 64 64 64
64 64 64
64 64 64 64 64
64 64 64 72 72 72 64
64 64 64
64 64 64 64 64 63 72 64
64 64
72 63 63 63 63 64 64
64 64 64 64 64 64
64 64 64 64 64 64 64 64 56
56 56 64 64 64 63 63 63
63 64 64 64
64 64 64 64 64 64 64 64
64 64
64 64 64 64 64 64 40 40 64
64 64 64 64 64 64
32 32 56 64 64 64 64 64
64 64 64 64 64 64 64 64
64 64
63 63 63 63 63 63
63 63 63 63 63
64 64 64 64 64 64 64
64 64 64
40 40 40 64 64 64 64 64
64 64 64 64 64 64 64 64 64
64 64 64 64 64 64 64
64 64 64 64 64 64
63 63 63 64 64 64 64 64
64 64 64 64 64
63 64 64 64 64 64 64 64 64
64 72 36 45 72 72 72
72 72 63 63 72 72 72 72
72 72 48 48 48 24
24 48
72 72 72 64 64
72 63 56 56 56 56 56 56 64 64
64 56 56 56
56 56 56 64 56 56 56 56
56 56 56 56 56 64
64 64 64 64 64 64 64
64 63 63 64 64 64 64
64 64 64 64 64
64 64
56 63 64 64 64 63 63
63 63 63 63 64
32 32 36 36 56 56
56 63 56 56 63 63 63 63
63 63 72 72 64
64 56 56 64 56 72 72
64 64 72 64 64 64 72
64 64 64 64 64 63 63
63 72 64 64
64 56 63 63 64 64 64
56 72 72 72 72 64 64
56 56 56 56
63 64 64 64 72 40 64
64 64 64 64 64
63 63 63 63 63 63 63 63
63 63 63 63 63 63 63
63 63 63 63 63 63 63 64
64 64 64 56 56
56 56
56 64 63 63 63 63 64
64 64 64 64 63 63 63 63
64 64 64
63 64 64 64 64 56 56 56 56
63 63 63 63 63
63 64
45 72 72 72 64 72 64
72 64 72 64 64 72
72 72 72 72 72 72
72 72 63 56 56
72 72 64 72 30 72 72
72 72
24 56 63 63 63 63 63
63 63 63
56 56 56 63 72 72 72 72 64
64 64 56 72 64 64
72 63 63 63 63 63 63 63
63 63 63 63 63 63
63 63 63 63 72 72 72
72 72 72 72 72 72 72 56
56 56 56 56 56
56 64 64 64 64 63 63
63 63 63 63 72 72 72
72 72 72 72 72 64 72
72 72 56 56 56 56
64 72 72 72 72 72
64 64 64 64 64 64 64 64 64
64 64 72 72 72
63 56 56 56 56 63 56
64 64
64 64 64 63 63 63 63 63
56 63 64 64
64 64 64 64 64 72 72 72
72 64
64 56 56 56 56 56 56
56 56 56 56 56 64
64 72 72 56 64 64 64
64 64 64 64
64 72 72 64 64 64 64 64 64 64
64 64 64 64 64 64 64 64 64
64 64
56 56 56 56 64 64 64
64 64 64 64 64 64 64
64 36 63 56 56
56 63 63 56 56 56 56 56 56 56
56 56 56 56 56 56 63
63 63 63 63 63
56 56 56
56 56 56 56 56 56 56
56 63 63 56 56 56 56 56
63 63 56 56 56 63 56
63 56 56 56 56 56 56
56 56 56
56 56 56 56 56 56 56 56
56 56
56 56 56 56 56 56 56
56 56 56 56 64 64
72 64 64 64 64 64 64
64 64 64 63 63 56 64
64 64 64 64 64
64 64 63 63 72 64
64 64
64 72 63 64 64 64
64 64 64 64 64 64 64
64 64 64 64 64 64
56 64 64 64 64 64 64 64
64 64 64 56 64
64 64 64
64 64 63 63 63 63 63
56 56 56 56 56 56 56 56
56 56 56 56 64 64 64 64
64 64
72 72 72 72 72 72 72 72 72
72 72 72 72 72 72 72 72
64 64 63 63
63 63 64 64 56 56 56
56 56 63 72 64 72
64 64 64 64 64 64 64
32 32 64
64 64 64 64 64 64 64 56
56 56 56
72 56 56 56 64 64 72 48 72
56 56 56 72 72 72 72 72
72 72 72 64
64 56 56 56 64 56 56
56 56
56 56 64 64 64 64
64 64 64 64 64
64 72 72 72 72
72 72 56 56 56 72 72
72 72 72 72 72 72 72
72 64 64
72 72 72 72 64 72 72 72 72
64 64
64 72 64 64 72 45 72
56 56 56 32 32 32 32
32 32 32 32 32 36 72 64
63 63 63 72 45 45 72 72 45
72 72
72 72 63 72 72 64 64 40 32
56 56 56 63 63 63 63 63 64
32 32 56 56 56 56
56 56 56 56 56 56 56 72
72 72
72 72 56 56 56 64
64 32 56 56 56
56 56 56 56 56 56 56 56
56 32 32 32
32 30 72 72 72 72
72 72 81 64 64
72 72 63 72 72 63 64 64 64
64 64 64 64 64
64 56 56 64 64
56 56 56 63 64 64
72 72 72 72 63 56 56
56 56 56 56 56 56 64
56 56 63 63 45 72 72 72
72 72
72 72 72 72 64 64
64 72 30 72 72 72 64 64
64 64 45 72 72 56 56
64 64 64 64
72 56 56 56 56 72 64
64 56 56 56 56 72 72
72 72 72 72 72 64 64
56 56 56
56 56 56 63 64 64 64 64
64 64 56 63 63 63
56 63 56 56 56 64 64
64 64 56 56 36 36
36 64 56 64 64 63 63
56 56 56 63 72 72 72 64 72
72 72 72 72 72
72 72 64 64 64 64 64
56 56 56 56 64 64 64 64
64 64 64 64 64 64 64 64
64 56 63 72 72 72 72 64 72
64 64 64
64 56 56 63 72 63 56
56 56 56 56 56
63 24 24 24 48 64
64 64 72 72 72 72
45 64 64 64 72 72
64 72 56 56 56 56
56 56 56 56 56 56 56 56
56 32 8 8
8 8 8 8 64 56 64 64 64
63 63 63 32 32
8 56 63 63 63 63 63 64 64
64 64 36
36 64 64 64 64 64
56 56 64 64 64 64
64 64 63 63
63 63 63 56 56 56 56
56 64 32 56 56 56
63 63 63 63 63 63
36 32 32 32
64 64 64 64 63 63 63 63
63 63
63 63 63 56 64
64 63 63 63 56 56 56
63 63 36 36 9 9
36 36 36 63 63 63 63
72 64 72 56 64 64 64
64 64 64 63 63 63 63 63 72
72 72 63 63 63
72 56 56 56 56 56 56
64 64 64 32 63 63
63 63 63 63 36 36 36 36
36 36 36 36 36 64
64 64 63 63 63 63
63 64 63 63 63
32 32 56 56 63 63 63
63 63 63 72
63 63 64 64 64
64 63 63 63 64
63 63 63
56 56 56 56 56 56
56 56 56 56
56 56 56 63 72 72
72 56 32 56 56
56 36 36 36 36 36
36 36 36 36 63 63
63 63
72 72 64 64 64 64
72 72 72 64 72 72 72
72 45 72 45 45 64 72
72 72 64 64 64 64 64
63 63 63 63 63 63 63
63 63 36 63
63 63 72 72 72 72 63 63
64 64 64 64 64 64 64
56 32 32 32 56 64 64 64 64
64 64 64 64 64 64 64
64 64 64 64
56 64 64 64 64 56 56 56
72 56 56 56 56 63
64 64 64 64 63 63 63 64 64
63 36 36 36 63 56 56
56 64 64 64 64
64 32 32 32 32 64 64 64 64
64 32 32 64 64 64
64 64 64 64 64 64 64
64 64 64 64 20
56 56 64 56 64 64 64 64 64
56 56 56 56 56 56 56
56 56 56 56
56 56 56 56 56 56 56 56 56
56 56 56 56 56 56 56 56 56 64
64 64 64 64 64 64 64
40 40 40 64 64 64 64
63 32
56 56 32 63 63
72 72 72 72 72
64 64 64 64 64 64 64 64
56 56 56 56 56 56 56 56 56
56 56 64
64 64 64 56 56 56 56
56 56 56 56 56 56 56
56 56 56 56 56 56 56
56 56 56 64 64
64 64 64 64 40 64 64
64 64 64 64 64 64
64 64 64
56 56 56 56 64 40 64
64 64
64 64 40 32 64
64 64 64 64 64 64
56 56 56 56 56 64 64
64 64 64 64
64 64 64 72 72 72 72 72
72 72 72 72 72 64 64 72
72 64 64 64 72 72 63
56 56 56 64 63 63
56 64 64 64 40 40
64 64 64 64 64 72
72 56 56 56 56 64
64 63
63 63 63 63 63 64 64 64
64 64 64 64 64 64 64 64 64 64
64 64 64 64 64 64
64 63
63 63 56 63 63 63
63 64
64 64 64 64 64 64 64
32 32 56
56 56 56 56 56 56
64 64 64 64 64 64 64 64 64
64 64 64 64 64 64
64 64 72 72 72 72
64 64 64 63 63 56
63 63 63 63 63 36 63 36 36
63 64 64 42 24 24 48 48 48 48
48 64 32 32 32 64 64
64 63 63 72 72 72 72 72
63 42 63 63 63 63 63 63
63 63 63 63 72
64 64 64 64 64 64 64 64
56 56 56 63 63 63 63
63 64 64 64 64 64
64 40 64 64 56 56 32 64
64 64 64 64 64 64
64 64
64 64 64 63 63 72 64
64 36
36 32 36 36 56 63 63
63 63 64 64 64 63 32 63 63
63 63 63 63 64 64 64 56
72 56 56 32 64 64
64 64 64 64 64 63 63
63 64 64 64 64 64 64 64
56 56 56 63 63 72 64 64
64 64 64 36 64
64 64 64 64 63 64 64 64
64 63 63 63
64 64 64 64 64 64 63 63
63 63 63 63 63
56 56 64 64 64 64 64
64 72 72 72 72
72 64 64 64 64 64 64 24
56 56 56 56
56 56 56 56 64 64
63 63 63 63 63 64
64 64 64 64 64 64 64 64 64
64 64 64
64 64 25 25 64 56 56
56 56 72 72 72 72 72
72 72 72 64 64 64
64 56 72
72 72 72 72 72 72 72 72
72 36 36 36 36 63 56
56 56 56 56 56 56 56 56
64 64 56 56 56 56
63 64 64 64 64 64 56 56
56 56 56 63 63 63 72 72 72
72 56
56 56 63 63 56 56
56 56 64
56 56 56 64 72 72 72 72
72 72 72 72 72 64 64
64 56
56 56 56 56 56 56 64 64
64 64 72 64 72 63 63 63 72
63 63 63 72 72 64 64 63
63 63 63 63 63 63 63 63 63
63 63 63 64
64 64 64 64 64 64 64 64
64 64 64 64 72 72
72 72 63 72 64
64 64 72
72 64 72 72 64 40 64 72
64 64 45 72 72
72 72 30 30 72 72
72 72
72 63 63 63 72 72 64 72
72 64 64 64
64 64 64 64 64
56 63 63 63 63 63 63 72 72
64 72 72 64 72
72 64 64 72 72 63 63 63 72
72 72 72 72
72 72 72 72 72 72 72 72
72 72 72
63 63 72 72 72 72 63 32 56
56 56 56 56 64 64 64
63 63 63 63 63 63 63 64 64
64 64 64 64 64 72 72
72 72 72 72 72 64 72
64 64 64 64 64 64 64
72 72 72 72 72 72 72 72
64 64 64 64 64 72 72 72
72 72 72 72 72 72
72 72 64 64 64 64 64
72 72 64 64 64 64 64 64
64 64 72 72
56 63 63 72 72 56 56 56 56
56 63
63 63 63 63 63 63 63
36 36 63 63 63
72 64 64 64 64 64 64
64 64 64 64 64 64 72
72 72 72
63 72 72 56 63 63 63
63 63 63 63 63 72 63 63
72 72
56 63 56 63 63 63 72 72 72
72 72 72 72 72 72 72 48
72 72
72 72 64 64 64 64 64
64 64 64 64 64 56 56 56
56 56 56 56
56 63 63 63 63 63 63
64 64 64 56 56 56 56
56 64 64 64 72 72
72 72 72 72 56 56 63
72 72 72 72 72 72 64
64 64 64
56 56 63 72 72 63
36 9 9
36 36 36 36 36
45 64
64 64 64 64 72 72 72
72 8 8 36 36 36 36 36
9 9 36 36 36 36
36 36 36 36
20 56 56 56 56 72 72
72 72 72 72 36
9 9 9 9 9 9 9
9 9 9 9 9 9 9
36 72
72 72 72 72 72 72 72 72
72 72 48
72 72 72 72 63 63 63 64
64 64 64 64 63 63 63 63
63 56 56 56 56 56
56 56 63 63 63 63 24
24 24 24 24 24
24 24 24 24 24 24 24
24 24 24 24
64 64 72 63 56 64 64 64
72 72 72
72 64 64 72 72 72 72
32 32 63 64 64 64
56 56 56 64 64
64 64 64 64 64 56 56
64 64 64 64 72
72 72 72 72 72 72 72 72
64 64 64 64 64
64 64 64 64 64 64 64 64
64 72 72 72 72 63
63 63 63 63 63 64 64 64 64 64
63 63 63 63 63 63 63 63
64 64 64 64 64 64 64 64
64 64 64 64 64 64 64 64
64 72 72 72
72 64 64 64 64 64 64 63
56 56 63 72 72 72 72 63 63
63 63
63 63 64 64 64 64 64 64
56 56 64 64 64 64 64 64
64 64
64 56 56 56 64 72 64 72
72 72 72 72 72 63 63
63 72 64 64 64 56
56 63 63 72 72 72
72 64 64 72 72 72 72 72
64 72 72 63
63 63 63 63 72 72 72 72
72 64 63 63 64
64 64 64 64 64 64 64
64 64
72 72 72 72 56 56 56 56 63 63
64 64 64 72 72 72 72
72 72 72 72 72 72 72 64 64
72 64 64 72
36 36 36 63 72 45
45 64 72 64 64 72 72
45 72
64 64 64 45 40 45 45 45
45 72 64
64 56 56 56 56 56 56 56 63
63 63 63 63 36 36 63
63 63 63 63 63 63
63 63 63 63 63 64 64 56 63
63 64
32 32 32 32 32 32 32 32 36
63 63
72 63 72 64 64 63 63 63 63
63 63 63 63 63 63 63
72 72 72 72 72 45 64 64
56 64 63 63 63
63 63 63 63 72 64 64
63 72 72 56 56 64 64
72 72 72 72 64
72 72 72 72 72 72 64 64 64
64 63 63 63
63 63 63 63 63 63 56 56 56
56 56 56 56 56 63 63 63
72 64 64 72 64 64 64 64 64
64 64 64 64 72 72 64 64
72 72 72 72 72 72
72 72 72 72 72 64 72
72 72 63 36 36 36 36 36 36 36
36 56 56 63 64 64 64 64
64 72 64 64
56 56 56 56 56 56 56 56
64 72 72 72 64 64
72 72 72 72 64 64 64 64
64 64 64 56 56 56 64
72 72 72 72 72
72 63 63 63 63 63 63
63 63 56 64 64 64
64 64 64 64 56 56
72 72 72 72 45 81 72
64 64 64 72 63 63 63 63
63 63 63 63 63 63 63
63 63 63 63 63 63 63
63 63 64 64 64 64 64 56
32 32 32 56
56 56 56 56 56 64 64 63
64 72 63 63 63
63 63 63 63 63 63 63 63
63 64
64 64 64 56 56 63 63 64
64 64 64 64
64 64 64 64 64 64 64 64
64 64 72 64 64
64 64 64 64 64 64 64 64
64 64 64 63 63 63
72 72 64 64 63 63 63 63
63 63 64 64
64 64 64 64 64 56 56
56 56 63 72 72 72 63
72 72 64 64 64 64 64 64
64 64 63 63 63 64 64 64 64
64 64 64 64 56 63 63 63
63 36 9 36 36 36 72
64 64 64 72 64 72 72 72
72 72
48 48 48 64 64 64 64 64 64
64 64 64 64 63 63 63
36 63
63 63 63 63 63 63 63 0 0
0 0
