64 64 64 64 64 64 64 64
64 64 63 72 72 72 64
72 0 0 36 32 64 64 64
64 64 64 64 64 64 64
40 64 64 64 64
64 64 64 64 64
64 64 64 64 64 64 64
64 64 64
64 64 64 64 64 64
64 64 64 64 64 64 64 64
64 64 64 64 64 64 64 64 64
64 64 25 64 64
64 64 64 64 64 64 64 64 64
64 64 64 64
64 64 64 64 64 64 64
64 0 0
0 0 0 63 24 64 64
64 64 64 64 32 32 32
32 40 64 64 64 64 64 64
64 64 64 64 64 64
45 40 45 45 45 64 64 64 64 72
72 72 72 72 64 72 64
40 45 45 45 40 45 45 40
40 40 64 64 64 40 36 45
64 64 64
64 64 64 64 64
64 64 64
64 64 72 63 72 40 25 25 64 64
64 64 64 64 63
63 72 64 64 64 63 63 63
64 64 64 64 64
64 64 64 64 64 64 64 64
64 64 64 40 64 64 64 64 64
64 64 64
64 56 24 24 63 63 56
64 25 40 64 64 64 24
24 63 45 72 72 72 72
72 72
72 72 72 72 72 72 72 72
63 72 72 72 72 72
72 72 72 72 72 72 64
64 64 64
63 64 64 64 64 64
64 64
64 63 63 64 64 64 64
64 64 64 64
72 63 64 64 64
64 64
64 64 64 64 64 64
64 64 64 64 64 64 64
64 64 64
64 64 30 63 63 63 63
56 63 24 24 24 36
63 63 56 32 56 56 56
63 63 63
63 63 63 63 64 64 64
64 64 64 64 64 64
64 64 32 45 64 64
64 72 72 63 63 63 63
63 63
64 64 64 64 64 64 64 64
64 40 32 64 56 64
64 56 56 56 64
64 64 64 64 64 64 64
64 40 64 64 64
64 64 64 64 64 64 64 64 32
56 32
56 64 32 32 56 56 56
56 32 32 32 64 56 64
64 64 64 64 64 64
64 64 64 64 64 64
64 64
63 72 64 64 64 64 56
56 56 56 56 64 64
64 64 64 64 64 64 56 64
63 63 72 63
63 63 56 40 64 64 64
64 64 64 64 64 64 64
64 63 63 63 63 63 56
9 8 32
64 64 64 64 64 64 64
64 32 64 64 64 64 64
64 64 40 48 42 64 64 64 64
64 64 63 63 63 64 64 63
63 63
40 64 64 64 64 64 64 64
64 64 56 56 56 56 32
32 64 64 64 64 64 64
72 72 48 64 64 64 72 72
48 64
64 64 40 64 64 64 64
64 64 64 64 40 48 64 64
72 72 72
45 45 64 64 64 25 25 25 25
64 64 64 64 64 64
64 56 63 48 72 72 72
48 40 64 64 64 56 35 56 56
56 56
56 56 56 56 56 56 56 64
64 64 35 42 42 64 64 64 64
24 63 63 63 64 63 63 63
63 40 64 64 64
56 56 56 63 63 64
64 64 64 64 64 56
56 32 64
64 64 64 72 72
64 72 72 72 63 63
72 72 72 63 63 56 56 56 56
63 63 24 36 64 64 63 64 64
64 64 64 56 56 56 32 64 64
64 64 64 64 64 63 63
63 63
45 64 64 64 64 64 64 64 64 64
64 64 40 40 64 64 64 64
64 64 64 64 64 64 64 64 64 64
56 56 56 56 40 64 64 64
32 32 32 64 64 64 64 64 64
64 64 64 64 64 64 64 64
64 64 56 32 32 64 64
64 64 64 64 63 36 36 56 63 63
63 63 63 63
63 24 36 63 63 64 64 64
64 64 64 64 64 64 64
64 64 63 63 64 64 64 64
64 40 64 64 56 32
40 64 64 64 64 56
56 56 56 56 56
64 63 63 63 63 63 63 72
72 64 64 64
64 64 40 56 56 56 56 56 56
56 64 64 64 64 64 64
56 56 56 56 56 56 56
32 32 56 56 56
56 56 56 56 45 40 64
64 64 64 32 56 56
63 56 56 64
56 56 64 64 64 56 56
56 56 56
24 63 63 56 63 63 63
63 63 63 63
63 63 63 63 56 64 63 72
64 64 64
63 63 63 64 64 64 64 64
64 32
32 56 64 64 32 32
32 32 32 56 56 56 32 32
32 32 32 32 32
64 64 64 72 72 72 48 48
40 48 72 72 72 64
64 64
72 72 72 72 72 36 32 32
32 32 32 32 32
32 56
64 64 64 56 56 63
64 56 56 56 32 32 32
56 56 56 64
64 64 64 64 64 0 0 0 0
0 0 0 0 0
0 0 0 0 0 0 0 0 0 0
0 0 72 63 63 56 63 63 72
72 72 72 72 72 72 72
72 72 72 45 64 64 64 64
64 64 64 63 63 63 56 56 56 64
64 64 64 64 64 64 56
63 72 72 72 72 72
63 56 56 64 64 63 63 63
63 56 64 56 56 56 56 32
32 56
32 56 64 56 56 56 56
56 64 45 45
45 45 45 72 64 63 63
32 56 56 56 56 64 64 64
32 32 32 32 32 56 32 56 56
64 64 64 64 36 32 36 63 72
72 24 24
63 63 63 63 56 64 64
64 64
64 64 56 32 32 32 56
56 56 56 56 56 56 56 56 64 64
64 64 72 72 72 72 72
72 72 72 45
45 45 72 72 72 72 45 72
72 72 72 45
72 72 72 72 72 72 45 36
36 36 36
36 36 36 36 36 72 72 72
72 72 72 36
64 64 64 64 64 64 56 32
32 56 56 32 40 64 64 64 64
64 64 64 64 64 64 64
64 64 64 64 40
64 64 64 64 64 64 45 64
64 64 64 64 64 64
56 56 32 36 36 36 36 36
36 72 72 63 36 63 56 56
63 63 56 64 64
72 72 72 72 72 72
56 63 63 64 64 64 64
64 64
64 64 64 64 64 63 63 63 64
64 72
64 64 72 64 72 64 72
63 32 32 32 56 56 56 56
56 56 40
40 40 64 64 72 72 72 64 64 64
64 64
64 64 64 64 64 64 64 64
64 64 64 64 64 64
64 64 64 64 64 40 64 64
64 64 64 64 64 64 64 40
56 56 56 25 64
64 64 56 32 32 32 32
56 64 64 64 64 56 56
56 36
63 63 63 63 36
63 63 64 40 64 64 64
64 72 72 72 72
64 72 64 72 72 72 72
72 72 63 63 63
72 72 63
56 56 64 56 56 64
56 56 56 64 56
56 56 56 56 56 56 72
72 72 72 72 72 72 72
64 40 40 40 64 64 40 64 64
64 64 63 63 63 63 63
56 64 63 63 63 63 63
63 63 40
32 32 36 36 36 63 64 56
56 56 56 56 64 64 64 64
64 64 64 64 64
63 64 64 64 42 63 63
63 63 63
42 63 63 63 63 63 63
63 63 63 63 63
63 63 63 72 72 72 72
72 72 72 72 72 72 64 64
64 64
64 72 72 72 72 72 72 72
72 72 72 81
45 30 25 40 64 64 64
72 72 72 72
72 72 72 72 72 72 72
72 72 72 63 72
72 72 63 63 63 63 36 36 63
63 63 63 63 63 63
72 72 72 30 72 72 64 64 64
64 64 64 56 72
72 72 72 72 72 72
72 64 64 64 64 40
40 64 64 64 64 64 64
32 32 32
32 56 56 56 32 64 64 64 64
64 64 64 40 40
64 64 64 64 64 64 64 64
48 24 24 24 24 24 24 24
48 64 64 56
32 32 32 64 64 64 64 64
72 63 63 63 63 63 63
63 63 63 63 63 63 72
64 64 64 56 64 64 64 64
56 56 56 36 63 63 63 63
72 72 72 72 72 72 72 40
64 40 40 64 64 64 63
63 63 63 36
63 36 63 63 63 63 36 36 36
63 63 63
63 63 63 36 63 36 36
63 63 63 63 63 63
63 36 54 81 81 54 45 72 72 64
64 64 64 64 56 56 72
48 64 64 64 64 64 64 64 64
64 42
63 63 63 63 63 36 63 63
63 63 63 63 63
36 63 36 63 63 63 72 72
72 72 72 63 72 72 72 64
64 64 64 64 64 64 64 64
64 56 56 56 56 72 72 72
72 72 63 36
36 63 63 72 72 72 63
63 63 63 63 56 63
24 40 64 64 64 64 64 64 64
64 64 64 64 64 64 64 32
32 56 56 64 64 64 64 64
64 64 64 63
64 64 64 64 64 64 64 63
63 63 36 32 40 40 40 64 64
64 64 64 64 56 63 56 56 56
40 40 64 64 64 64
64 63
63 63 63 36 36 36 72
64 64 64 64 64 64
64 64 64 64 64 64
64 32 64 64 64 64 64 64 0
0 0
