63 63 63 63 63 63 63 63
63 63 63
63 63 63 63 63 63 63 56
56 56 56 56 56 56
56 56 63 63 63 63 63 63 63 63 63
63 63 63 63 63 63 63 63
63 63 63 63 63 63 63
63 63 63 63 63 63 63 63
63 63
63 63 63 63 63 63 63 63 63
63 63 63
63 63 63 63 63 63
63 63 63 63 63 63 63 63 63
63 63 64 63 63 63 63
63 63 63 63 63 63 56
56 63 63 63 63 63
56 56 56 56
63 63 63 63 63 63 63
63 63 63 63 63 63
63 63 63 63 63 63 63 63 63
63 63 63 63 63
63 63 63 63 63 63 63 63 63
63 63 63 63
63 63 63 63 63 63 63
63 63
63 63 63 63 63 63 63 63
63 63 63 63 63 63 63
63 63 63 63 63 63
63 63
63 63 63 63 63 63 63 63
63 63 63 63 63 63 63 63
63 63 63
63 63 63 63 63 63 63 63
63 63 63
63 63 63 56 63 63
63 63 63 63 63 63 63
63 63 63 63 63 63 63
63 63 63 63 63 63 63
63 63 63 63 63 63 63
63 63 63 63 63
63 63 63 63 63 63 63 63 63
63 63 63
63 63 63 63 63 63 63
63 63 63 63 72 64 64 64
72 63 63 63
63 63 63 63 63 63 63
63 63 63 63 63
63 63 63 63 63 63 63 63 63
63 63
63 63 63 63 63 63 63 63
63 63 63
63 63 63 63 63 63 63 63 63
63 63 63 63
63 63 63 63 63 63
63 63
63 63 63 56 56
56 56 63 63 63
64 63 63 63 63 63
63 63 63 63 63
63 63 63 63 63 63 63 63 63 63 63
63 63 56 56 56 56 56
56 56
63 63 63 63 63 63 63 63 63 63
63 63 63 63
63 63 63 63 63 63
63 63 63 63 63 63 63 63
63 63 63 63
63 63 63 56 56 56 56
56 56 56 56 56 56 56
56 56 56
56 63 63 63 63 63 63
63 63
63 63 63 63 63 63 63
63 63 63 63 63 63 63 63
72 72 72 72 63 63
63 63 63 63 63
63 63 63 63 63
63 63 63 63 63 63
63 63 63 63
63 63 63 63 63 63 63 63
63 63
63 63 63 63 63 63 63 63 63
63 63 63 63 63 63 63 63 63
63 63 63 63 63 63
63 63 63 63 63 63 63
63 63 63 63 63 63
63 63 63 63 63 63
63 63 63 63 63 63 63 63
63 63 63 63 63 63 63
56 63 63 63 63
63 63 63 63 63 63 63
63 63 63 63
63 63 63 63 63 63
63 63 63 63 63 63 63 63
56 56 56 63 63 63
63 63 63 63 63 63 63 63
63 63
63 63 63 63 63
63 63 63 63 63 63 63 63 63
63 63 64 64 63
63 63 63 63 63 63 63
63 63 63 63 63 63 63
63 63 63 63 63 63 63 63
63 63 63 63 63
63 63 63 63 63 63
63 63 63 63 63 63 63
63 63 63 63
63 63 63 56 63 63
63 56 56 56 63 56
63 63 63 63 56 63 63 63
63 56 56 63 63 63 63 63
63 63 63 63 63 63 63
63 63 63 63 63 63 63
63 63
63 63 63 63 63 63 63
63 63 63 63 63 63 63
63 63 63 63
63 63 63 63 63 63 63
63 63 63 63 63 63 63
63 63 63
63 63 63 63 63 63 63 64
64 64 64 63 63 56 56 64
63 63 63 63 63 63 63 63 63
63 63 63 63 63 63
64 64 40 40 40
56 63 63 63 63 63 63 63
63 63 63 63 63
63 63 63 63 63 63 63 63
63 63 63 63 63 63 63 63
63 56 64 64 63 63 63
56 63 63 63 63
63 63 63 63 63 63 63
63 63 63 63 56 56 56 56 63
63 56 63
63 63 63 63 63 63 56
56 56 56 63 63 56 63 63
63 63 63 63 56
63 63 63 63 63 63 24
24 24 24 24 24 63 63
63 63 63 56 56 63
63 63 0 0 0 0 0 0 0
0 0 0 0 0 0 0 0 0 0
0 0 0 0 0 0 0
0 0 0 0 0
0 0 0 0 0 0 0 0
0 0 0 0 0 0
63 63 63 63 63 63 63
63 63 63 63 63 63
63 63 56 63 63 63 56
63 63 56 56 64 63
63 63 63 63 63 63 72 63 63
63 63 63 63 63
63 63 63 63 63 63 63
63 63 56 56 63 63
63 63 63 56 63 63
63 63
56 56 56 56 56 56 56 64 64
56 64 63 56 63
63 63 63 63 63 63 63 63
63 63 63 63 63 63 63 63
63 63 63 63 63 63 63
63 63 56 56 56
63 63 63 63 63 63 63
63 63 63 63 63 63 63
63 63 63 63 63 63 63 63
63 63 63 63 63 63 63
63 63 63 63 63 63
63 63 63 63 63 63 63 63
63 63 63 63 63 63 63 63 63
63 63 63 63 63 63 63 63 63
63 63 63 63 63 63 63 63
63 63 63 56 56 56
56 63 63 63 63 63 63 63 63
63 63 63
63 63 63 63 63 63 63 63 63
63 63 63 63 63 63 63 63
63 56 56 56 56 56 56
63 63 63 63 63 63 63 63
63 63 63 63 63 63 63
63 63 63 63 64 64 64 56
56 56 64 56 56 56
56 56 56 56 56 56 56 64 56
64 64 64 64 64 64 64
64 64 56 56 63 63 63
56 56 63 63 56 64 64 64
64 0 0
