63 63 63 56 56 49 56
49 56 56 56 56 56 56
56 56 56 56 56 56
56 56 32 32 32 32
32 32 32 32 32 32 63 63
63 63 63 63 63 63 63 63
63 63 63 72 72
72 72 0 0 0 0 0 0
0 0 0 0
0 0 0 0
0 0 63 63 63 63
63 56 56 56 56 56 56
63 56 63 56 56 36 32 63
63 63 36 36 36 63 56
56 63
63 63 63 63 63 42 42 63 63
63 63 63 63 56 56 56 56
56 56 56 56 56 56 56
25 25 25 25 4 4 0 4
0 0 0 0 0
0 0 0 0 25 25 25 0
0 0 0 56 56 56
35 35
56 56 56 56 56 56
56 56 56 56 56 56
0 0 0 0 0 0 9 9
9 32 56 56 56 56 56 56
56 56 56 56 56 56 36 20
20 48 48 9 9 42 72 81 81
45 0 0 0 25
72 72 72 72 72 72 72 42
42 24 24 24
24 24 24 20 63 63 63 63
56 56 25 10 0
0 0 0 0 0
0 0 0
3 12 24 0 0 0 0 0
0 0 0 6
24 24 24 30 0 0 0 0 0
0 0 0 0
63 63 63 63 63 63 63 63 63 63
63 63 63 63
63 63 63 63 56 63 63 63 63 36
36 63 63 56 63 24 36
63 63 0 0 0 0 0 0
0 0 0 0 72 72 81
72 72 72 81 81 72 72
72 25 25 30 30 25 25
30 30 30 30
30 63 56 56 56 63 63
63 56 56 0 0 0 0 0 0
0 0 0 0 0 4 0
0 0 25 25 0 0 0 0
25 4 10
25 25 0 0 0 0 0 0
42 42 63
63 63 63 63 63 63 63 63 63
63 63 63
63 63 63 63 63 63 42 42
63 63 63 63 63 63 63 63
63 63 63 63 63 63
56 63
63 63 63 63 63 63 63 63
63 63 42 42 42 63 42
42 63 63 63 63 63 56
42 63 63 63 63 63 63 63 63
63 63 63 63 63 63 56 56
56 63 63 63 63 63 56
56 56 63 63 63 63 63 63
56 56 56 63 63 63 63 63 63
63 63 63 63 63 63 63 36
0 0 0 0 0 0
0 0 0 0 0 0
0 0 0 63 63 63 63
63 63 72 63 63 63
63 63 56 56 63 35
0 49 35 35 35 35
64 64 64 64 64 64
4 4 0 0 0
40 25 25 25 25 0 25
25 25 25 0 0 0
0 0 0 0 0
25 25 25 0 0 0 0 0
0 0 0 40 0
0 0 0 0 0
0 25 25 25 0
25 25 25 0 0 0 25
0 25 25 25 0
0 25 40 25
0 0 0 0 25 25
25 0 25 25 25 25
0 0 25 0 0 0 0 25 25 0
0 25 25 25 0 0
0 0 63 63 63 63
63 63 63 63 63 63
63 36 36 63 24 63 63
63 63 63 63 72 63
63 63 56 56 56 56 56 56 56
0 0 0 0 0 64
64 64 64 64 64 0 0 64
64 64 64 0 0 0 0
0 0 0 0 0 0 0
0 0 0 0 0 0 0 0 0
0 0 36 36 36 36 36 63
56 63 63 63 56 56 56
63 63 63 63 63 56 56
56 56 63 63 63
63 63 63 63 63
63 63 56 56 56 63 9 36
36 36
36 36 36 63 63 63 72
63 24 24 63 36 48
72 48 48 35 35 35 35 35 0
0 0 63 63 63 25 25 0
0 0 0 0 0 0
0 25 0 0 0
0 0
0 0 63 63 56 56 63
42 42 42 42 42 42 42
63 63
63 63 63 63 63 63 63 63 63
63 63 63 63 63 63 56 63
63 63 36 63 63 63 63 63
63 36 45 45 40 36 63 63
63 63 63 25 25 25 25
25 25 25 25 25 25
25 25 25 36 36 36 25
36 36 36
0 0 0 0 0 0 0
0 0 0 0 0 0 0
0 0 0 0 0 0 0 0
0 0 0 0 0 0 0 0 36
63 63 63 72 72 72 63 56
56 56 56 56 36 36 36 36
36 63 63 56 63 63
63 63 56 56 56 15 25 25
25 40 64 25 40 0 0 0
0 0 0 0 0 25 0 25 25
25 0
0 0 25 0 25 0 0 0 25
0 0 0 0 0 0 0
0 0 0 0 0 0 0 63
63 63 63
63 56 56 56 63 63 63 63 63
63 63 63 56 56 56 56
56 56 56 56 56 63
63 56 56 56 56 56
56 63 63 63 56 63 63
63 63 63 63 63 63 63 63
63 56 56 63 56 56 63
63 63 56 56 56 72 72
72 72 72 72 72 72
72 81 0 0 0
0 0 0 0 0 0
0 0 0 0 0 0
0 0 0 0 0 0 0
0 0 0 0 0 0 0 0
0 0 0 0 0 0 0 0
0 0 0 0 0 63 63 56
56 56 56 63 63 63 63
63 63 63 63 63 63 63
56 63 63 63 0 0 0
0 0 0 0 0 0
0 0 0 0 0 0
0 0 0 56
63 63 63 63 63 72 72 56
64 63 63 63 63 63 63 63
63 63 63 63 63 63
56 56 56 56 56 56
56 56 56 56 56 56 63
56 63 56 56 63 56 56 63
56 56 56 56 56
63 63 63 63 63 56 56
63 63 56 56 56 56 63 36 36
63 63 63 36 56 56 56
32 56 32 56 63 63 63
63 63 56 56 56 56 56
36 36 63 36 32 32 56 64
72 63 72 72
63 63 63 56 56 56
56 56 56 56 56 56 56
56 56 25 25 25 25 25
25 25 25 25 25
25 0 64 0 64 0 0
0 63 63 63 63 63 63
56 36 36 36 24
72 72 72 72 72 63
63 56 56 56 56 56 56
56 56 56 64
64 64 64 64 64 64
64 64 64 64 64 64 64
64 64
64 64 72 0 0 0 0
0 63 63 63 63 63 56
63 63 56 63 63 63 63 63
63 63 63
63 63 63 63 64 64 64
64 64 64 64 64 64 0
0 0 0 0
0 0 0 0 0 0
0 0 0 0 0 0
0 36 36
36 36 36 36 36 72
72 72 72 81 81
72 48 48 48 25 30 24 24
63 63 63 64 64 64 64
64 64 64 64 54 48 64
81 64 0 0 0 0 42 42 63
63 63 63 63 63 63 63 63 56
56 56 56 36 36 36 36 36
36 36 56 32 32 32 56 56
56 56 56 32 32
56 56 56 56 56 56 63
24 24 63 63 63
36 63 63 63 42 42 63
63 63 63 63 63 63 63 63
63 63 63 56 56 56 63 63
63 63 56 56 56 56 63
63 63 63 63 63 0 0 0
0 0 0 56 56 56
56 56 56 56 56 56 56 56 56
56 56 56 56 56 56
56 56 56 56 56 56
56 63 63 63 63 63 63 63 63
63 63
63 63 56 56 56
56 63 63 63 63
56 32 32 32 56 56
63 63 63 63 36 36
36 63 56 56 56 63 63
63 63 56 56 56 56
63 63 63 63 56 36 36 36
63 63 63 56 56 56 56 56
56 56 0 0
