0 0 0 0 0 0 10 10 0 0
0 0 32 32 32 32 32 16
16 16 0 0 0 0 0 0
0 0 25 30 48 0 0 0
0 0 0 0 0 0 0 0
0 0 0 0 0 0 0 0 49 49
49 49 49 49 49 49 49 49 49
45 45 45 72 45 45 45 45
45 0 0 0 0 0 25 0
49 28 28 28 16 16 30
48 48 72 72 72 72 72 72 72
72 72 64 64 64 72 48
48 72 72 72 72
72 63 63 63 72 72 72
72 72 72 72 72 72 72
72 48 72 72 72 72
72 72 72 48 72 72 72
72 48 72 72 72 72 63 24
24 36 36 36 32 56 56 0 4
4 4 0 0 0 0 0 1 4
2 0 1 3 0 0 0 0
0 0 0 0 0 0 0 0 0
24 24 24 63 63 63 63 63 63 63
63 42 42 63 63 63 42 42
72 72 63 42 42 0 0 0
0 0 25 0 0 0 0 4 4
4 4 4 4 4 4 72 72
72 72 72 72 8 32 56 56
56 56 56 56 56 56 56 32
32 32 32 32 25 25 25
25 25 25 25 25 4 4 4 25
25 25 25 25 25 25 64
64 16 20 64 64 40 40 20 4
0 4 25 25 25 25 4 10
0 0 0 0 0 25 0
0 0 0 0 0 0
0 0 0 0 63 63 63 63 63
63 63 63 63 63 56 32 64 32
64 64 64 64 64 64 64 64 64
64 64 64 64 64 64 48 48
48 72 72 48 72 72 72 72
72 72 72 72 48 48
72 72 72 72 72 72
72 72 72 64 72 72 72
72 72 0 0 0 0 0
0 0 20 20 30 40
64 0 56 0 0 0 25
0 32 32 40 32 24 24 36 36
36 36 36 36 64 64 64
64 40 25 42 63 24 24 42
72 72 0 0 0 0 0
0 0 0 0 0 0 0 0
25 25 25 0 25 25 40
25 0 0 0 0 0 0 0 0
0 0 0 0 0 45 36
36 63 64 64 64 64 64 64
64 64 64 64 64 64 0 0 0
0 0 0 0 0 0 56
56 36 63 42 42 24 24 63
63 63 63 24 72 63 63
24 24 63 63 36 63 56
64 64 64 64 63 63 63 63
63 63 63 63 24 63 63
36 36 63 63 63 56 32 56
4 0 0 0 0 0
0 0 0 0 0 0 0
0 0 0 0 0 0 0 0
0 0 0 0 0 0 0
0 0 56 56 56 56
63 24 63 72 72 72
72 72 63 72 64 72 48
24 42 32 42 48 30
30 30 48 64 64 0 0 0
0 0 0 0 0 0
0 0 0 0 0 0 0
0 0 0 0 0 0 0
0 0 0 0 0 0 0
0 0 0 0 30
24 24 24 24 42 63 63
63 63 4 4 4 4 0
25 25 25 25 25 0 0 0 25
0 0 0 0 25 25 25 0
0 0 0 0 72 72 72 72 72
72 72 24 42 42 63 63 63
56 42 42 42 42 63 63 36
36 32 32 36 32 32 32
36 36 36 20 32 32 32 36
36 36 36 36 32 32 32
32 32 36 36 36 63 63
63 63 63 63 63 63 25
25 25 25 25 25 25 25 25 25 25
25 25 25 25 25 25 0
0 0 0 0 72 72 72
72 63 63 63 63 63 63
72 72 48 72 48 72 72
63 36 36 63 63 63 63
36 36 56 42 42 0 0
0 0 0 0 0 0 0 0
0 0 0 0 0 72 64
72 48 30 30 30
30 72 48 48 48 45 72 36
63 63 63 63 63 63
63 63 63 63 63 63 63
63 63 56 32 32 32 56 32
32 32 56 56 63 20
32 56 48 48 64 30 48
48 48 48 48 48 48 48 48
48 48 48 48 48 48
48 48 42 42 24 63 63
42 63 72 72 72 72
30 20 30 0 0 28
0 0 0 0 40 0 0
0 0 0 0 0 0 0 0
0 0 0 0 0 0
0 0 0 0 0 0
0 0 0 0 0 0
0 0 0 0 0 0 0 0
0 0 0 0 0 0 0
0 0 0 0 0 0
0 0 0 0 0 0 0 0
0 0 0 0 0 0 0
0 0 0 0 0
0 0 0 0 72 72
72 72 72 72 63 63 24 63
63 63 63 63 63 56 56 32
32 32 56 56 32 32
63 63 63 56 20 32
32 40 40 64 42 56 56
42 56 63 42 56 63
63 42 24 24 32 56 56
56 56 56 56 56 64 72
30 48 48 30 30 72 45 30
30 72 72 72 42 24 24 24
24 40 0 0 0 0 0 0
0 0 0 0 0
0 0 0 0 0 0 0 0
0 0 45 0 0 0 0 0 36
36 36 36 36 36 30 30 72
63 63 35 35 63 63 63
63 63 30 24 63 63 63
63 63 63 63 0 0 0
0 0 0 10 0 0 0 0
0 0 0 0 0 0
0 0 0 0 0
0 40 0 25 25 0 25 0
25 0 0 72
72 72 36 36 63 63 36 63 63
63 56 56 63 24 24 63
42 63 63 63 63 63 63 63
63 63 63 63 24
24 24 63 63 24 24 24
36 36 63 63 64 64 64
64 64 64 64 64 64 64
0 0 0 0 0 0 0 0
0 0 0 0 64 0 0 0
0 63 36 36 63 36 63 63
63 63 63 36 36 36 36 36 45
45 36 36 36 36 36
36 36 36 36 45 45
45 45 45 63 63 63 63
63 63 63 63 42 42 42 42
63 63 63 42 42 42 24
24 24 24 36 36 36
36 36 36 32 32 56 56 56
56 56 64 64 24 63 63 63 63
63 63 63 32 32 20 20 20 20
20 20 20 20 20 24 63
63 63 42 42 42 42 42 42 42
42 42 42 63 63 63 63 63 63
63 42 42 42 42 63
42 42 42 42 42 42 42
42 42 42 72 24 24 42 42 42
45 72 72 42 30 30 30
30 30 30 30 30 30 30 48 48
48 48 48 42 42 42 42
63 24 24 63 63 63 63
36 36 36 63 32 32 36
36 63 63 32 32 32 56 32
32 32 32 32 32 56 64 64 64
64 64 24 24 24 24 24 63
63 72 72 63 63
72 72 72 63 63 63 63 56
56 63 63 63 63 42 42 24
24 48 48 48 48 48 48 48 24
24 48 48 48 48 42 48 48
48 48 72 72 63 63 48 48
48 48 48 48 48 72 72 48
24 48 48 48 48 48
48 63 63 63 42 30 30
45 45 45 36 36 36 36 36 36 36
36 36 36 36 36 36 36 63 63 63
72 72 48 63 42 42 42 42
42 63 63 24 42 42 24
42 36 36 36 36 64 64
72 72 0 0 0 0
0 0 0 0 0 0 0
0 0 0 0 0 0 0
0 0 0 0 0 0 64 64
64 0 0 0 0 0 0 0
0 0 0 0 0 0
0 0 0 0 64 0 0 0 0
0 0 0 0 0 0
0 24 32 32 48 48
48 24 24 63 24 42 24 24 24
24 24 42 42 63 72 64 36
63 63 63 63 63 63 63 63 63
63 63 42 42 42 42
36 63 63 63 56 40
64 64 32 56 63 36 36
36 36 63 63 40 24
24 24 24 24 64
48 48 48 72 72 72 72
72 48 48 48 48 48 48 48
72 4 25 25 25 25 25
25 25 0 0 25 0 25
0 0 0 0 0 0 0 0 0
0 72 72 63 63 63 63 63
63 36 36 36 36 36 36 36
36 36 63 72 72 36 36 36
36 36 36 20 56 56 56 56 56
20 20 20 20
32 56 56 32 72 72
72 63 36 36 63 63 63 63
24 24 24 24 24 24 42 42 63
63 36 36 63 63 63 36 63
63 63 63 36 35 40 25 25
25 25 25 0 0 45
36 36 63 25 25 25 25
25 25 25 25 25 25 25 25
25 25 25 25 25 25 25 25 64
0 64 64 64 64 0 0 64
0 0 0 0 0 72
72 72 45 72 36 36
63 63 63 24 56 56 32 32
32 56 56 36 36 36 36 63
63 63 36 63 24 24
24 24 24 24 24 24
24 63 63 36 36 36 63 63
63 63 63 64 64 64 64
72 64 72 72 72 64 48 48
45 45 48 30 30 30
48 48 30 40 40 40
40 64 40 72 0 0 0
0 0 0 0 0 0 0 0
0 0 24 24 24 32
36 30 30 48 48
48 48 48 48 48 48 24
24 24 24 24 24 24 24
24 72 48 63 63
72 63 36 36 36 63 63
25 40 0 0 0 0 10
25 10 0 0 0 25 0 0
36 36 36 36 36 63
63 63 63 56 20 20 24 24
63 56 56 32 36 36
36 25 40 64 64 56 64 56
56 56 56 56 25 25 25
25 25 25 25 63 63
36 63 72 72 72 63 63 63
63 63 63 63 63 63 30 30
45 10 54 81 16 25 64 48
64 0 0 0 0 0 0
0 48 48 48 48 48 48 63
56 32 32 32 32
16 20 20 32 36 3 0
0 0 0 0 0 24 0 0
6 6 25 0 0 0
0 0 0 0 0 0 0 0 0
0 0 25 0 0 63
63 63 63 63 63 40
42 42 42 42 63 63 36
36 36 36 36 36 36 36
36 36 36 24 24
63 63 63 63 63
63 63 63 36 36 72
72 72 72 72 48 72
72 48 72 64 64 64 48
48 48 48 63 63 63
42 63 63 63 72 72
24 24 56 56 56
56 32 56 56 56 56
63 24 24 24 24 36 63 63
63 63 24 24 24 72 72 72 72
72 72 64 64 64 0 0 0
0 0 0 0 0 0 0 0
0 36 36 36 36 36 36 36
36 36 36 63 72 72 72
72 72 63 36 36 36 63 36 36
63 63 63 63
0 0 0 0 0 0 0
0 0 0 0 0
0 0 0 0 0 0
0 0 0 0 0 0 0
0 0 0 32 32 30 30 48
48 72 72 48 48 48 48 48
48 48 48 48 72 48 36
36 54 72 48 48
48 48 48 48 48 48 48
48 48 48 48 48 48 48 48
48 48 72 64 64
42 42 36 36 36 36
36 36 36 36 36 63
36 32 32 32 32 56
35 20 63 63 63 63 0 0
0 0 0 0 0 0 0
0 0 0 0 0 0 64
0 0 0 0 56 0 0 0
0 0 0 0 0 0 0
0 0 0 40 25
40 0 28 28 56 42
42 42 42 42 42 42 42 42 42
42 72 42 42 63 63 72 45
45 81 56 20 20 20 20
56 56 36 36 32 20 16
28 28 20 24 64 64
64 72 64 45 45 72 72 72
72 48 48 72 72 72
72 72 72 0 0 0
0 0 0 0 0
0 0 0 0 0 0 0
0 0 0 0 0 64 64
25 25 25
36 36 63 63 63 63
24 24 24 24 63 42 56
32 32 20 20 32 56 63
72 72 72 63 24 24 72
72 4 0 25 25 0
0 0 0 0 0 0 25 25
0 0 0 0 0
63 42 63 63 63 63
63 36 72 72 32 32
63 36 56 24 63 63 63
63 24 24 20 24 24 24
42 42 63 64 64 64 64 42
24 24 24 25 40 64 64
64 64 25 25 25 25
25 25 25 25 25 25 0 0 0
0 0 25 25 32 32 32
32 30 30 30 30 30 30 0
0 0 0 0 0 0 0 0
0 0 0 0 0 0 0 63
64 64 64 64 64 64 64
24 24 24 24 63 63 24
64 45 30 25 64 30
24 24 63 63 24 24
56 56 63 63 56 56 56 56
32 20 32 32 32 32 36 36 24 36
63 63 42 24 24 48 30 48 48
42 42 42 63 63 25 25
25 25 25 25 25 25
25 25 25 25 0 0 0
0 0 0 0 0 0 0
0 0 64 56 20 20 32
56 56 0 0 0 0
0 4 0 0 0 0
0 0 0 0 0 0 0 20
20 32 32 32 32 32 32 32
32 56 24 36 63 63 24 36
36 36 63 72 72 72 72 72 72
72 56 32 56 56 56
56 56 56 56 56 56 56
56 32 36 63 63 63 63 63
63 63 63 42 63 63
42 42 42 42 42 42 42 63
63 64 0 0 0 0
0 0 0 0 0 0 0
0 0 0 0 0 0 0
0 0 0 0 0 0 0 0
0 0 0 0 0 0 0 0
0 0 0 0 0 0 0
0 0 0 0 48 48 48 48 72
24 24 24 24 24 36 32 32
56 56 56 24 24 24
24 24 24 24 63 63 36
36 36 36 63 36
45 64 72 72 72 72 72
64 64 64 72 72 64 64 72
72 72 64
24 24 24 24 24
24 24 63 64 64 64 64 72
72 42 42 56 56 63 63
63 42 42 63 63 42 63 63
63 56 35 63 63 64 56
64 42 42 64 72 36 36 36
36 36 36 36 36 72 36 36 36
36 63 63 36 36 36
36 63 63 42 63
63 63 63 63 24 36 63 63 63
63 64 64 64 64 64
64 72 36 63 63 63 63
56 0 0 0 0 0 0 0
0 0 0 0 0 0 0
64 40 25 20 25 20 35 35
35 35 32 56 64 0 0 0 0
0 0 0 0 0 0 0
0 0 0 0
0 0 0 0 0 0 0
0 0 0 56 56 64 64
24 63 24 63 63 63
63 56 42 42 42 42 42 56
24 72 72 63
63 36 36 63 36 36 63
36 36 36 36 36 32 32 32 63
72 72 72 72 72 72 72
72 72 72 72 72 63 63 63
63 72 72 63 72 56 64
64 64 56 0 0 0 0 72
72 72 63 0 16 20
20 63 36 36 63 63 72
72 64 64 72 48 48 24 0
25 25 64 40 40 25 25 25 40
40 0 64 64 0 0 0 0
0 20 20 20 20 20 25 20
0 36 36 36 36 24 24
24 24 24 24 63 72 30 30
30 30 30 64 30 30 72 64 64
72 64 72 36 36 36
36 36 20 20 20 32 20
36 63 63 63 32 32 32 32
56 32 32 56 56 56 56 56
56 56 20 20 20 20 20 32 56
56 56 56 42 42 42 42
42 63 63 63 63 63
72 30 24 24 56 56 64 64
64 64 64 64 64 64 64 64 64
64 64 56 63 63 63 63
63 42 63 63 56 56
56 24 24 36 36 36 72
63 63 63 63 63 63 63 63
36 36 36 45 45 72 63
36 36 36 36 36 36 36 32 32
32 32 32 20 63 72 72 72
64 64 64 64 72 72
72 72 48 48 48 48 48
72 56 56 48 48 42 42 72
72 72 72 56 24 63 24
24 42 42 42 42 42 63 63
42 42 42 42 42 42 56 56 64
63 36 63 63 63 24 63 63 56
32 56 56 20 32 25
24 64 24 24 24 24 24
36 36 36 36 56 24 24 24
24 24 24 24 24 24 24
24 42 42 42 72 72
42 42 42 63 42 42 42 63
63 63 63 63 24 24 63
42 63 72 64 64 64 64
63 63 63 36 36 63
63 42 63 63 63 36
63 63 56 48 48 72 48
48 48 63 63 30 30 30 30 30
48 48 42 42 63 56 56
56 64 56 56 32 32 56
20 32 63 63 24
24 24 24 42 64 63 63
63 63 63 63 4 4 25 10
25 0 4 10 25 10 0
0 0 0 0 0 25 25 0
0 0 25 25 0
0 63 42 42 24 63
63 0 0 0 0 0
0 0 0 0 0 0 0 0
0 0 0 0 0
0 0 0 0 42 42 63 24
63 63 42 24 56 64 64
64 64 64 56 63 63 63 63
63 36 63 63 36 64
64 64 0 0 0 0
0 0 0 0 0 0 64 0
0 0 0 63 72 63 63 63 63
63 32 56 56 64 72 72
0 0 0 0 0 0 0
0 0 0 0 0
0 0 0 0 0 0 0
0 72 72 56 63 63 42 42
63 56 56 56 72 42 63
63 35 64 48 48 48 30
72 72 63 36 45 64 64 64
24 24 24 24 42 42 24 0
0 0 0 0 0 0 0 0
0 0 0 0 0 0
0 0 30 30 36 36
36 36 36 36 36 63 24
24 24 24 24 24
24 24 24 36 24 24 63
63 63 63 42 24 24 24 24
24 24 24 63 24 63 63 63 63
63 45 45 45 45 45 72 36 72
72 45 72 72 72 64 54 40 63
63 63 36 45 72 63 36 63
36 42 72 30 30 48 48
72 48 48 48 64 64 40 45
64 72 72 72 72 42 63 42
42 42 48 48 48 42
42 42 48 48 30 30 30 30
48 72 72 48 48 48 48 48 42
64 42 63 63 63 42 24
24 36 63 63 32 32 56 64 64
64 64 63 72 30 24 64
64 64 63 63 64 64 64
56 63 63 63 63 63 72 56
63 72 72 36 63 63
63 72 72 72 56 63
63 56 56 56 56 56 36
36 63 63 45 45 24 24
24 63 36 36 20 24 24
36 36 36 36 36 63
63 63 63 63 36 36
56 63 24 42 63 63
63 64 64 64 64 64 63
36 45 45 24 63 63 36
64 63 63 63 63 63 63
63 63 63 63 63 56
32 32 32 32 32 32 32
32 20 20 20 32 32 63 63
32 56 63 63 56 63 63
63 63 63 63 63 63 63
63 42 42 42 42 42 42
42 42 42 30 30 30 30 30 42 20
56 56 56 56 56 56 56 56 56
42 42 42 42 63 63
63 63 24 24 24 24
63 42 63 36 45 40 45 45
63 36 36 56 63 63 32 32 32
63 63 64 64 36 36 56 56 20 24
24 72 72 36
36 36 0 0 0 0
0 0 0 40 40 32 30 72
0 0 0 0 0
0 0 0 0 0 0
0 0 0 0 0 0 0 0 0
0 0 0 0 0 0 0 0
0 0 0 64 64
64 64 64 72 64 64 30 72 64
64 72 48 48 36
56 56 63 56 56 56
56 32 32 16 16
20 20 20 20 56 63 63
63 63 63 30 63 24 64 30
24 64 64 64 48 48 64
64 64 64 64 0 0 0 0 0
0 0 0 0 0 0 0
0 0 0 25 25 25 25
25 0 0 0 0 0 0 0
0 0 0 0 64 63 42
42 63 63 72 72 72 72
72 64 42 63 63 63 45
45 63 63 24 24 24 42 20
56 20 24 24 64 64 64 64
64 72 72 48 42 42 42
24 30 24 24 24 24 24
42 63 64 64 64 64 64 63
36 36 36 64 64 64 56
56 40 40 64 40 40 24 63
63 56 20 32 32 20 20 32
32 72 64 64 24 24 24 24
24 42 42 24 25 25 25 25
25 25 25 25 25 25 25 24
24 63 42 40 42 42 42 42
42 24 24 24 20 56 56
56 36 32 32 56 56 56 56
56 56 56 56 56 56 32 32
32 32 32 56 56 42 63
63 56 63 63 42 42 42 42 42
42 42 35 35 35 35 35
35 56 56 56 32 63 63 72 72
72 72 72 24 63 42 42
42 63 30 64 42 48 48 48
48 48 48 48 48 48 48 48
48 48 48 48 48 48 63 36
36 36 36 36 72 72 72
72 72 72 72 72 72 72
63 24 24 24 24 24 24 42 42
42 42 42 42 42 42 63 42
42 42 42 42 42 42 42 42 35 35
42 42 42 42 42 42 63
63 63 42 24 24 24 32 32
32 32 32 32 32
32 32 32 63 24
24 63 63 63 63 35 20 20 56
56 24 35 42 42 63 63 63
63 63 63 36 56 24 24 24
24 24 24 24 48 25 24
24 63 63 63 63 63 63 63 36
63 56 64 40 40 64 64 24 24
63 63 42 42 42 63
63 24 24 24 24 45 45
72 45 36 36 45 45 45
45 63 63 36 36 36 36 36
64 64 64 64 63 24 24 24
64 64 64 64 64 64 64 64
56 56 63 63 63 63 63 63
63 42 42 63 63 63 63 63
24 24 72 72 72 72 48
24 64 56 63 63 42
42 63 63 63 63 64 24
63 24 24 24 63 64
24 36 32 56 56 56
63 63 63 63 63 63 63 24 24
24 24 24 24 36 24 24 24 24
24 24 24 64 64 0
0 0 0 0 0 0 0
0 0 0 0 0 0
0 0 0 0 0 0
0 0
0 0 72 72
72 72 72 72 72
72 72 72 72 72
63 72 45 63 63 36
42 0 0 0 0
0 0 0 0 0 0 0
0 0 0 0 63 63
63 63 63 56 56 63 63
63 63 63 72 72
72 64 42 42 63 42 63
24 24 63 63 63 56 56 64
24 20 20 20 32 32 32
32 32 56 32 32 56
24 24 63 63 72 72 72
72 72 72 63 72 35 35 48 48
48 48 48 48 48 42 42
48 48 48 63 56 56 63
63 36 63 56 63 72 63 72
48 48 72 72 63 40 40
64 64 64 64 64 64
64 42 42 42 42 42 42
42 42 48 48 40 48 48
42 42 42 42 63 64 64
64 64 64 64 64 64 64 64 64
24 42 63 42 64 64 64 64
56 56 56 56 56 32 56 56
20 20 64 64 64 64 64 0
0 0 0 0 0 0 0 0
0 0 0 0 0 0 0
0 0 0 0
