63 72 63 72 72 72
63 63 63 63 63 63 72 63
63 63 63 63 63 63 64
64 64 64 64 63 63 45
45 72 72 72 72 72 72
72 72 72 72 72 63 72
72 64 56 63 63 63 63
63 63 63 63 63 63 63 63
72 72 72 63 63 72 63
63 63 63 64
0 0 63 63 63 64 56
56 63 63 72 72 72 72
72 72 72 72 72 72 72 72
72 72 72 72 72 72 72
72 72 72 72 72 64 64 64 64
64 64 64 64 64 64 64 45
45 72 72 72 72 72
72 72 72 72 72 72 63
72 72 72 63 72 63
63 63 63 63 63 63
72 72 72 72 72 36
36 36 63 63 36 36 63
72 64 64 63 63 63 63
63 56 63 72 72 72 72
72 72 72
36 72 63 64 64 64 63
72 63 63 63 63 63
63 63 63 63 63 63 36
63 63 63 72 45 72
72 72 63 63 63 63 63
72 63 63 63 72 72 72 63 63
72 72 72 72 72 72
72 72 63 63 63 63 63
63 63 63 72 72 63 63 72
45 45 45 45 45 72 72
72 63 72 63 63 63 63
63 63 63 63 63 63 63
63 63 72 72 72 72 72
63 63 63 63 63 63
0 0 0 0 0 0 0
0 0 0 0 63 64
64 63 63 63 63 63
63 64 64 64 63 63
63 63 63 63 63 63 72 63
63 63 63 63 63
72 72 72 72 72 72 63
63 63 63 63 63 63 63 63
63 63 63 63 63 63 63
63 45 72 56 56 64 56 56 56
56 63 63 63 63 63 63 63 56
63 63 40 72 72 72 72 63 63
63 63 63 63 63 63
63 63 63 63 63 63 63
63 63 63 63 63 63 63
63 63 36 72 72 72 72
63 63 63 63 63 63 63 63
63 63 63 63 63 63
63 64 64 63 63 63
63 63 63 63 36 63 63 63
63 63 63 63 72 72 72 72
72 72 63 63 63 63 63
63 63 63 63 63 63 72 72
72 72 72 72 72 72 72 72
72 72 72 72 63 64 56 63 63
40 40 64 64 64 64 64 64
63 36 36 36 36 36 36 36 63
63 63 63 36 32 63 63
63 63 63 36 36 36 64 64
64 64
64 64 64 64 64 64 64 64
64 56 63 63 63 72
72 63 72 63 63 63
63 63 63
63 63 63 63 63 63 72
72 72 72 72 72 72 72 72 72
72 72 72 72 72 72 63 63 72
72 63 63 63 63 72 64
72 72 72 72 72 72 72
72 72 64 64 63 63 64 64 64
64 64 64 64 64 56 56
56 56 56 64 64 63
56 63 56 64 63
63 72 48 72 63 63
63 63 63 63 63 63 63 63 63
42 42 63 63 63
63 63 63 63 63 63 63 63 63 63 36
36 36 36 36 36 63 63 63
63 63 63 63 63 63 63
63 63 64 64 72 63 63 63
63 72 63 63 63 63
63 63 63 63 72 64 63 56 63
63 63 63 63 56 56 56 63 63
63 63 64 64 64 64 63
63 64 64 56 63 63 63
63 63 63 63 63 63 63
72 63 63 63 63 63
72 63 63 63 63
63 63 63 63 72
72 63 63 72 72 63
63 63 63 63 63 63
63 36 45 45 72 72 72 36 36 36
36 36 36 36 36 36
36 63 63 63 63 63 63
63 63 63 63 63 63
63 63 63 63 63 63
63 63 63 63 63 56 63
63 56 63 63 63 63 63
63 63 63 56 63 63 63 72
63 63 63 72 72 72 63 63 63
63 63 63 63 63 63 63 63
63 72 72 72 72 72
72 72 63 63 63 63 72 72
72 72 63 72 63 63 63
63 63 63 63 63 36 36
36 36 63 72 72 63 63 63
63 56 72 72 56 56 56 56 63
63 64 64 64 64 64
64 64 64 64 63 63
63 63 63 64 64 64 64
64 72 56 56 56 56 56
56 63 63 63 63 64 64 64
64 63 56 63 56 56 56
64 64 64 64 56 56 63
63 63 63 63
63 64 63 63 63 56
64 64 64 64 63 63 63
63 63 63 72 72 72 72
72 72 72 72 72 72 63 72
72 72 72 56 63 56 63 72 72
63 63 63 63 63 63 63 63
63 63 63 63 36 63 63 63 63
63 56 63 63 63 63 63
56 63 63 63 63 63 63 56
56 72 63 63 56 56 64
63 63 63 63 63 63 63
63 63 64 64 63 63
64 64 64 64 64 72 72 72 64
64 64 64 64 64 64 63 63
56 56 56 64 64 64
40 64 64 64 64 64 64 64
64 63 63 63 63 63 63
63 63 63 63 64 56
56 63 63 64 64 63 63 63 63
63 63 63 63 63 63 36 36 63
