63 72 72 72 72 72 72 63
63 63 72 72 72 63 72 64
64 56 63 63 63 63 63 63
64 64 64 64 32 64 0
0 0 0 64 64 64 64
64 64 64 64 64 64 40
40 40 64 64 64 64 64 64
64 64 64 64 64 64 64
64 72 72 72 72 63 63 63 64
64 64 64 64 40 25 25 40
64 63 63 63 63 35 20 25
40 40 40 40 40 40 64
64 64 64 64 64 64
64 64 63 63 63 63 63 63
63 63 63 63 72 64 64 64 64
32 64 56 64 64 64 64 64 64
64 64 64 64 64 64 64 64
64 64 64 64 63 63 63
63 63 64 64 56 32
32 56 64 64 64 64 64 64
64 56 56 56 56 56 56
56 56 56 56 56 25 25 20
25 25 25 25 25 25 25 25 25
25 25 25 25 20 20 20 20 20
20 20 20 20 20 20 20 20 20
20 20 20 20 64 64 64
64 63 63 72 64 64 64 64 64
64 64 64 64 64 64 64
64 64 64 64 64 64 64 64
64 64 64 64 64 64 64 64
64 64 64 64 64 64 64 64
64 64 64 40 64 64 64
64 64 64 64 0 0 0 0
56 56 64 64 64 64 64 72
64 63 63 63 63 63 64 64 64
64 64 64 64 64 64 64 64
64 64 64 0 0 0 0 0 0
0 0 0 0 0 0
64 64 64 64 40 40 40 64
64 64 64 30 30 25 64
64 64 64 64 64 64 64
63 63 64 64 64 64
64 64 64 64 64 64 64 64
64 64 64 64 64 64 63 63
63 63 63 63 63 63 63
63 63 63 36 64 64 64 64
63 56 56 63 64 72 72
64 48 48 48 64 64 64 64
64 40 40 40 64 64 64 56
56 56 56 56 56 56 56 56
56 56 56 56 56 56 56 56
56 56 56 63 56 56 40 40 32
32 32 32 32 64 64 64 64 36
36 36 36 36 36 63 63
63 63 63 72 64 56 56 56
32 32 56 56 36 36 36 63
72 72 63 63 45 63 63 63 64
64 64 64 40 64 56 40 40 40 40
40 64 64 64 64 64 64 64 64
40 25 64 64 64 64 64 63
24 24 24 24 64
64 64 64 64 64 64 64 64
64 64 64 56 63 63 63 63 63
63 63 63 63 63 63 64 64 64
64 64 63 63 63 63 64 64 64
64 64 56 56 56
56 56 72 63 63
63 63 36 63 56 56 56
56 56 56 56 72 72 72 72 64
64 64 64
63 56 56 56 40 64 64 64
64 56
56 63 63 56 56
56 64 64 64 64 64 72 63
63 63 63 72 63 63 63 63
63 63 63 63 63 63 63
63 63 63 63 56 64 40 40 64
64 64
64 64 64 64 64 56
64 64 64 72 63 63
63 56 32 32 32 32
56 56 56 64 64 64 64 64 56
63 63 63 56
63 56 56 56 63 63 63 56 64
56 56 56 56 56 64 64 64 64
56 56 56 56 56 56 32 56
56 56 56 56 56 64 40 40
40 64 64 64 64 40 64 64
72 45 45 36 32 32 32 8 8
8 8 32 32 32 63 56 64 64
64 64 63 63 63 63 56 56
56 63 72 63 72 64 64 64 64
64 64 64 64 56 56 63
24 63 63 63 63 63 63 63 64
64 64 64 64 64 64 64 64
64 64 64 64 64 64 64 64
64 64 64 64 64 64 64 64
64 64
64 64 64 64 64 64 64
64 64 32 32 32 32 32
32 32 32 32 32 32 64 64 64
64 64 32 56 56 64 64 64
64 64 64 64 64 64 64
64 64 64 64 64 64 64 64
64 64 64 64 64 64
45 72 63 36 8 9
72 72 72 56 56 56 56 64 64
64 64 64 64 64 64 64
24 63 63 63 63 63
64 64 64 64 64 64 64
64 64 64 64 64 64 64 63 63
63 63 63 63 63 63 56 56 56
64 64 64 64 64 64 64 64
64 64 64 64 64 64 64 64
64 64 64 56 56 64 63 63
63 63 63 56 63 63 63 63 63
64 63 56 56 56 56 56 56
56 56
32 40 64 64 64 64 64 56
63 72 72 72 56 56 56
63 63 63 56 63 64 64 64 56
56 72 72 72 72 72 72
72 72
72 72 72 63 63 64 64 64
64 64 64 64
64 64 56 56 56 56 56 56 56
56 49 56 72 72 72 72 64 64
64 72 45 63 63 36 36
36 36 36 36 63 63 63 63
64 64 56 56 42 42 63
36 36 36 63 64 64 64 64 56
56 56 56 56 56 56 56 32 56 56
56 49 49 56 56 20 63 56 56 56
56 63
32 20 56 56 56 56 63 56 36 36
63 64 64 72 32 56 56
56 56 32 8 36
36 36 36 72 64 72 72 64
32 32 56 56 56 63
63 63 72 72 72 72 72 72
72 72
63 63 63 63 63 72 72 63 63
63 63 63
36 9 9 36 36 36 36
36 36 36 36 36 36
36 63 36 36 72
72 48 72 72 72 72 72
72 72 24 72 42 42
63 63 24 45 72 45 45
72 72 45 72 45 45
72 72 72 63 63 63 63
63 56 56 56 72 48 63 63
63 36 36 36 45 45
72 72 72 72 72 72 63
72 72 72 72
72 72 63 63 63 63 63 63 63
36 20 28 28 28 16 32 32
32 32 32 32 32 32 32
36 36 36 36 36 36 63
63 63 63 36
9 36 36 63 36 36 63 36
63 63 36
36 36 36 36 32 36 56 32
64 64 56 64 64
32 32 32 32 36 36 36
36 32 32 36 36
36 36 36 36
45 72 72 72 72 72 72 72
72 72 72 72 72 64 64
64 64 64
32 32 32 32 32 32 32 32
56 64 64 64 64 64 64 64
64 64 64 64 64 64 64
64 63 64 63 63 63 72
72 72 72 72 64 72
72 72 72 72 72 64 64
64 64 64 56 32 32 32
32 32 32 32 32 32 56
56 64 72 63 63 63 63 63
56 56 63 36 24 63 63 63
63 63 63 63 63 63 63 63 63
63 56 63 72 72 72 72 64 64
64 72 72 63 63 63 63 63 63 63
63 63 63 63 63 72 72 72
72 72 72 36 36 36 36
36 36 36 36 63 36 36
63 63 63 63 64 64 64 56 56
56 63 56 56 56 56 64
56 63 63 56 56 63
63 63 63 63 63 63
63 63 63 63 63 64
64 64 64 64 64 63 63 72
36 36 36 36
36 36 24
63 64 64 64 64 64 64
64 64 64 64 64 64 64
64 64 64 64 64 63
63 63 63 24 63 63 63
63 24 56
56 32 72 72 64 64 64 64
64 72 72 72 72 36 36
36 36 36 36 36 36 36 36
63 63 63 63 63 36
36 36 36 36 36 36 36 36
63 63 63 63 63
32 32 32 32 32 36 36 36 8
8 5 5 16 16 16 8 8
9 6 24 24 12 24 24 25
64 63 63 63 63 63 63
63 63 63 63 63 63 63
63 63 63 63 63 63 63 63 63
63 63 63 63 63 63 63 63
63 63 63 63 63 63 63 63 63
63 63 63 63 63 63 63
63 63 63 64 40 64
64 64 64 64 64 64 64 64 64 64
72 36 63 63 63 63 63
63 63 63 63 63 63 63 45
72 72 72 63 36 72 72
63 63 36 36 72 64 64
64 64 64
64 64 64 56 56 56 56 32
32 32 32 32 32 32 20
56 56 56 32 56 56
64 32
63 63 63 36 24 24
30 72 72 72 72 72 56
36 63 63 63 63 63
63 63 63 63 63 63 63 63
63 63 36
36 63 63 63 63 63 36 36 36
63 63 36 63 63 63 63 63
63 63 63 63 63 63 35 56
56 56 56 56 56 56 56 56
56 56 56 32 32 56 56 56
56 56 56 32 32 32 56 56
32 32 32 32 32 32 56 32 32
20 56 56 56 63 63 63 63 63 40
40 63 63 63 63 56 63 36 36
63 63 63 63 72 72 63 56 56 56
56 36 24 24 12 12 12 24
9 36 36 36 36 36 36
36 36 36 63 63 63 63
36 36 36 63 63 63
45 45 72 64 64 64 64 64 64
64 64 64 64 64 64 64 64 64
64 64 64 64 64 56 56 64 64
64 64 64
63 63 63 72 72 72 72 72
72 72 72 72 64 64 63 32
64 56 32 63 56 56 56
56 36 63 63 63 63 63
63 63 63 63 56 32 32 56 56
56 56 56 64 64 64 64
56 36 36 36 63
36 63 36 36 36 36 36 36
36 36 63 36 36 36 36
63 63 63 36 56 56 56
56 56 56 56 56 56 32 32
56 56 56 56 56 20 56 56 56 32
32 32 32 32 32 56 32 32
56 56 56 56 56 56
56 56 56 35 63
63 56 56 56 56 63 63 63
45 72 72 72 72 63 63
72 72 72 72 72 72
63 63 63 63 72 64 64 64 72
63 72 72 72 72 72 72 72
72 36 36 32 32 32 32 32
32 32 32 36 36 72 64
64 72 64 72 72 64 64 32
32 32 32 32 32 32 32 32
36 36 36 36 36 36 36
36 36 36 36 36 63 63 36
72 72 72 72 72 45 45 45 72
45 72 72 45 32 32 32 36 24
30 30 72 72 30 72 72
64 64 64 64 64 64 56 56 56 56
56 56 32 32 56 64 64 64 64
64 63 63 63 63 36 36 36
36 64 64 64 64 64 64 64
63 63 63 63 63 64 56 56
63 63 63 63 63 63 63 63
63 63 63 63 56 56 56 56
56 56 56 56 56 56 56
56 56 56 56 63 56 56 56 56
56 56 56 56 56 56
56 56 56 56 63 63
56 63 63 63 56 63
63 63 63 63 63 72 72
72 64 63 63 63 63 63
36 32 32 32 32 32 32
32 32 63 36 72 64 64
64 56 36 9 9 36
42 63 64 64 64
64 64
64 64 64 64 64 64 64
64 64 64 64 64 63 45 45 72
72 72 72 48 72 72 72 72
36 36 64 56 56 63 72 64 32
36 36 36 36 63 36 45 45
72 64 64 64 64 56 56
56 56 56 56 56 56 56
56 56 56 56 56 56 56
56 56 56 56 56 56 63
63 63 56 56
56 56 56 56 35 35 56 56
32 56 56 56 56 56 56 63
63 56 56 56 56
64 64 64 56 63 63 56
64 56 56 56 56 56 56
72 64 64 64 64 64 72 72
72 72 72 72
63 63 36 36 36 45 45 45 64 25
25 25 64 64 64 20 35 35 20
40 40 25 25 25 25 25 25 25 25
25 40 40 40 40 40 40 56 63 63
63 63 63 63 63 56 63 63
56 63 32 20 35 63 24
24 63 36 36 36 63 63 63
63 63 64 64 64 64 56 63
72 72 63 63 63 63
63 63 63 63 42 63 63
63 42 42 48 45 72 72 72
36 24 63 63 63 63
63 63 63 63 36 36 36
63 63 63 63 63 63 63 63
63 63 24 24 63 63 63 63
36 32 36 36 36 63 63 72
72 48 48 42 42 63 63 63
63 42 42 63 63 63 24 24
24 63 63 56 56 56 56 56
56 63 36 63 24 24 24
63 63 63 63 63
63 63 63 63 63 63 63
63 56 56 56 64 64
64 56 72 72 72
72 72 30 72 72 63
56 56 63 24 63 63 63
63 63 63 63 63 63 56 56 40
64 64 56 56 64 64 72
72 72 64 48 48
48 72 64 64 64 64
56 63 63 72 72 72 72 72 64
64 64 64 56 56 64
64 63 56 64 56 56 56 56 56 64
64 64 64 56 56 63 63 63 64
64 64 64 72 72 72 72 72 72
72 56
8 8 8 8 32
64 64 64 64 64 64 64
40 40 64 64 40 40 40
40 40 40 40 40 40 40 40
40 40 40 40 40 40 40
40 40 40
40 56 56 64 64 64 64
64 64 63 63 64
64 63 63 63 63 63
72 72 36 36 63 36 63
64 63 64 64 64
63 63 72 45 45 72
72 63 56 56 56 56 63
63 63 56 56 63
56 56 56 56 56 56 56 56 56
56 56 56 56 56 56
56 56 56 56 56 56 56
56 56
56 56 56 56 56 56 56 56
56 56 56 56 56 56 56 56 49
56 56 63 63 56
63 72 72 48 72 72 72 42 63 42
72 72 72 72 72 72 72
64 64 72 72 72 72 72 64
64 64 64 64 72 63 63
63 63 63 63 63 63 72 64
64 64 64 64 56 56 64
64 64 64 64 56 56 56
56 56 56 56 56 64 56 56
63 63 63 63 63 56 56 63 56
72 81 81 72 64 64 48
48 56 56 56 63 63 56
45 48 72 72 72 72 81 54
72 72 48 48 30 30 30
48 30 36 54 36
36 36 36 81
72 81 48 48
72 72 72 72 72 56 56 56
56 63 64 64 63 63 63 63
63 72 72 72 72 72 72 72 72
48 72 48 48 48 48 48 48
48 48 48 48 48 48 48 48 48
48 48 30 72 48 72 72
72 72 64 72 72 72 48 72
72 42 42 42 42 42
42 42 63 63 63 63 63
63 72 72 72 72 42 42
42 42 48 48 72 72 42
63 63 63 63 42 42 42 63
63 63 42 42 63 63 63 63
63 63 72 56 56 63 63
63 63 56 56 56 32 32 40 64
64 64 64 64 64 64
63 64 64 64 64 64 64 64
64 64 64 64 64 64 64 64
32 32 32 32 56 56 64
64 64 64 64 64 64 64 56
56 72 72 64 64 64
64 64 64 64 64 64
64 64 64 25 25 40 64
64 64 64 64 64 64 64
64 64 64 0 0 0 0
