0 63 63 63 63 63 63 63 63
63 63 63 63 63 63 63
63 63 63 63 63 63 63
56 56 63 63 63 63 63 63 63
56 63 63 63 63 63 63 63 63
56 63 63 63 63 63 63 63
56 63 63 63 63 63 63 63 63
63 63 63 63 63 63 63 63 63 63
72 63 72 72 72 54 48 63 63
63 63 63 63 63 63 63
63 63
63 63 63 63 63 63 63 63 63
63 63
63 63 63 63 63 63 63
63 63 63 63 63 63
63 63 63 63 63 63 63 63 63
63 63 63 63 63 63 63
63 63 63 63 63 63
63 63 63 63 63 63 63 72 81
81 81 81 81 81 81 81 72 72
63 81 81 81 81 72 72 63
63 36 63 63 63 63 63 63 63 63
63 63 63 63 63 63 63 63 63
63 63 63 63 49 49 49
49 49 49 49 49 49 49
49 63 63 63 63 81 0 0
0 49 0 0 0 63 63
63 63 63 63 63 0 63 63
63 63 63 63 63 63 63
63 63 63 63 63 63 63 63 63
63 63 36 36 36 9 9 9 9
36 63 63 63 63 63 63 63
63 63 63 32 8 8 8 8 8
8 32 63 63 63 63 63 63 36
36 63 63 63 63 63 63 63
63 63 63 63 63 63 63 56 63
63 63 63 63 63 63 63 63
63 63 63
63 63 63 63 63 63
63 63 36 36 36 36 36 36
63 63 63 63 63 63 63
63 63 63 63 63 63 9 9 9
9 9 16 16 18 18 18 18 9
36 36 63 63 49 63 63
0 63 49 63 63 49 49 49
56 49 49 49 49 49 49
49 49 63 63 63 63 63 63 63
63 63 63 63 63 63
63 63 63 63 63
63 63 63 63 63 63 63 63
63 63 63 63 63 63 63
63 63 63 63 63 63 63 63
63 63 63 63 63 63 63 63 63
63 63 63 63 63 63 63 63
63 63 63 63 63 63 63 63
63 63 63 63 63 63 63 63
63 63 63 63 63 63 9
9 18 36 9 9 9 36 36
63 63 63 63 63 63
63 63 63 63 63 63 63 63 63
63 63 63 63 63 63 63 63
63 49 63 63 63 63
63 63 63 63 63 63 63
63 63 63 63 63
63 63 63 63 63 63 63 63 63 63
63 63 63 63 63 63 63 63
63 63 63
63 63 63 63 63 63 63 63
63 63 63 63 63 63 63 63
63 63 63 63 63 63
63 63 63 63 63 63 63 63 63 63
63 63 63 63 63 63 63
63 63 63 63 63 63 63 63
63 63 63 63 63 63 63 63
63 63 63 63 63 63
63 63 63 63 63 63
63 63 63 63 63 63 63
