63 63 63 63 63 63 63 63 63 63
63 63 63 63 63 63
63 63 63 63 63 63 63 63
63 63 63 72 63 63 63
63 72 63 63 63 63 63
63 63 63 56 63 63 63
63 63 63 63 63 63 63 63
63 56 56 56 56 56
63 63 63 63 63 63 63 63
63 63 72 40 0 0 30
25 25 72 63 63 63
63 63 63 63 63 63 63
63 56 63 63 63 63 63 63 63
63 63 63 63 63 63 63 63
63 63 63 56 56 63 63
63 63 63 63 56 56 56
56 63 63 63 63 63 63 63
63 63 63 63 63 0 0
0 0 0 0 0 0 0 0 0
0 0 0 0 0 0 0 0
0 0 0 0 0 0 0 0 0 0
0 0 0 0 63 63 63 63
63 63 0 0 0 0 0
0 0 0 0 0 0
0 63 63 63 63 63 63 63
63 63 63 63 63 63
63 63 63 63 63 63 63
63 63 63 63 63 63 63 63 63 63
63 63 63 63 63 63 63
0 0 0 0 0 0 0
0 0 0 0 0 0 0
0 0 0 0 0 42 42 63
63 63 63 63 63 63 63 63
63 63 63 63 63 63 63
63 56 56 56 63 63 56
63 63 63 63 64 64
64 64 64 64 64 64
0 0 0 0 0 0 0 0
63 63 63 63 63 63 63
63 63 63 63 63 63 63 63
63 63 63 63 63 63 63 63
63 63 63 63 63 63 63 63 63
63 63 63 63 63 63
63 63 63 63
63 63 63 63 63 63 63 72 56
56 56 56 63 63 63 63
63 56 63 63 63 56 63 63
64 49 56 56 49 49 56
63 63 63 63 63 63 63
63 63 63 63 63 63 63 63 63
63 63 63 63 63 56
63 63 63 63 63 63 63
63 63 63 63 63 63 63 63 63
63 56 56 56 63 63 63
63 63 63 63 63 63 63
63 63 63 63 63 63
63 63 63 63 63 63 63
63 63 63 63 63 63 63
63 63 63 63 63 63 63 63
63 56 63 63 63 63 63 63 63
63 63 56 63 56 56 63 63 63
63 63 63 63 63 63 63 63
63 63 63 63 63 63
63 63 63 63 63 63 56 56
63 63 63 63 63 63 63 63
63 63 63 63 63 63 63
63 63 63 63 63 63 63 63 63
63 63 56 56 63 63 63 63
63 63 63 63 63 63 63 63 63
63 63 63 63 63 63 63
63 56 56 63 63 63
63 63 63 63 63 63 63
63 63 63 63 63 63 63
63 63 63 56 56 63 63
63 63 63 63 63 63 63 56
56 63 63 63 63 63 63 63 56 63
63 63 63 63 63 0 0
0 0 0 0 0 0 0 0
0 0 0 0 0 0 0 0
0 63 63 63 63 63 63
63 63 63 63 63 63
63 63 63 63 63 63 63 63 63
63 63 63 63 63 63 63
63 63 63 63 63 63 63 63
63 63 63 63 63 63
63 63 63 63 63 63 63 63 63
63 63 63 63 63 63 63
63 63 63 63 63 63 56
56 56 63 63 63 63 63 63
63 63 63 63 63 63 63 63
63 63 63 63 56 56 56 56 56
56 56 63 63 63 63 63 63
63 63 63 63 63 63
63 63 63 63 63 63 63 72
63 63 63 63 63 63 63
63 63 63 63 63 63 63 63 63
63 63 63 63 63 63 63
63 63 63 63 63 63 63 63
63 63 63 63 63 63 63 63
63 63 63 63 63 63 63 63 63
63 63 63 63 63 63 63 63
63 63 63 63 63 56 56 56 56
56 56 63 63 63 63 63 63
63 63 63 63 63
63 63 63 63 63 63 63 63
63 56 56 63 63 63 63 63
63 63 63 63 63 63 63
63 63 63 63 63 63 63 63
63 63 63 63 63 63 63 63
63 63 63 63 63 63 63
63 63 63 63 63 63 63 63
63 63 63 63 63 63 63 63
63 63 63 63 63 63 63 63
63 63 63 63 63 63
63 63 63 63 63 63 63 63
63 63 63 63 63 63 63
63 63 63 63 63 63 63 63 63
63 63 63 63 63 63
63 63 63 63 63 63 63 63
63 63 63 63 63 63 63 64
63 63 63 63 63 56 64
56 56 56 63 56 56 63 63
56 63 63 63 63 63 63 63
63 63 63 63 63 63 63
72 63 63 63 63 64 63 63 63
63 63 63 63 63 63 63 63 63
63 63 63 63 63 63 63 63
63 63 63 63 63 63 63 63 56
63 63 63 63 63 63 63 63
63 63 63 63 63 63 63 63
63 63 63 63 63 63 63
63 63 63 63 63 63
63 63 63 56 63 63
63 63 63 63 63 63
63 63 63 63 63 63 63 63 63
63 63 63 63 56 49 49 56 63
63 63 63 63 63 63 63
63 63 63 63 63 63 63 63 63
63 63 63 63 63 63
63 63 63 63 63 63
63 72 63 63 63 63
63 63 63 63 63 63
63 63 63 63 63 63 63
63 63 63 63 63 63
63 63 63 56 63 63 63
63 63 63 63 63 63 63
63 63 63 63 63 63 63
63 63 63 56 56 72 63
63 63 63 63 63 63 63
63 63 63 63 63 63 63 63
63 63 63 63 63 63 63 63
63 63 63 63 63 63 63 63
63 63 63 63 63 63 63 63
63 63 63 63 63 63
63 63 63 63 63 63 63
63 63 63 63 63 63 63 63 63
63 63 63 56 56 63 63 63
56 64 63 63 63 63 63 63 63
63 42 42 63 63 63 63 56 63
63 63 63 63 63 63 63
63 63 63 63 63 63 63 63
63 63 63 63 63 63 63
63 63 63 63 63 63
63 63 63 63 63 63 63 63
63 63 63 63 63 63 63
63 63 63 63 63 63 63
63 63 63 63 63 63 63
63 63 63 63 63 63 63
63 63 63 63 63 56 63 63 63
63 63 63 63 63 63
63 63 63 63 63 63 63 63
63 63 49 49 49 49 49
56 63 63 63 63 63 63
63 63 63 63
63 63 63 63 63 63 63
63 63 63 63 63 64 20
0 0 0 0 0 0 0
0 0 0 56 56 56 56
56 63 63 63 63 63 63 63
72 63 63 63 63 63 63 63
63 63 64 64 63 56 56
56 56 63 63 63 63 63 63 63
63 63 63 63 63 63 63
63 63 63 63 63 63 63 63
63 63 63 63 63 56 63 63
63 63 63 63 63 63 63 63
63 63 63 63 63 63 63 56
63 63 63 63 63 63 63 63
63 63 63 63 63 63 63
63 63 63 63 63 63 63 63
63 63 63 63 63 63
63 63 63 63 63 63 63
63 63 63 63
63 63 63 25 10
25 25 0 0 0 0
0 0 63 63 63 63 63 63
63 63 63 63 63 63 63
63 63 63 63 63 63 63 63
63 63 63 63 63 63 63 63 63 63
63 63 63 63 56 56 56 56 56
56 56 56 56 63 63 63
63 63 63 63 63
63 63 63 63 63 63 63 63 63
63 63 63 63 63 63 63 63 63 63
63 63 63 63 63 63 63
63 63 63 63 63 63
63 63 63 63 63 63 63 63 63
63 63 63 63 63 63
63 63 63 63 63 63 63
56 63 63 63 63 63 63
63 63 63 63 63 63
63 63 63 63 63 63
63 63 63 63 63 63 63
63 63 63 63 63 63 63
63 63 63 63 63 63 63 63
63 63 63 63 63 63
63 63 63 63 63 63 63 63
63 63 63 63 63 63 63 63
63 63 63 63 63 63 63 63
63 63 63 63 63 63 63
63 63 63 63 63 63 56
72 63 63 63 63 63 63
63 63 63 63 63 63 63
63 63 63 63 63 63 63
63 63 63 63 63 63 63 63
63 63 56 56 63 63 63
63 63 63 63 63 63
63 63 63 63 63 63
63 63 63 63 63 63 63
63 63 63 63 63 63 63
63 63 63 63 63 63 63
63 63 63 63 63 63
63 63 63 63 63 63 63
63 63 63 63 63 63
63 63 63 63 63 63 63 63
63 63 63 63 63 63 63 63
63 63 63 63 63 63 63
63 63 63 63 63 63 63 63
63 63 63 63 63 63 63 63
63 63 63 63 63
63 63 63 63 63
63 63 63 63 63 63 63 63 63
63 63 63 63 63 63 63 63 63
63 63 63 63 63 63 63 63 63 63
63 63 63 63 63 63
63 63 63 63 63 63 63 63 63
63 63 56 63 63 63 63
63 63 63 63 63 63 63 63
63 63 63 63 63 56 49
56 56 63 63 63 63 63 63
63 63 63 63 63 63
63 63 63 63 63 63 63
63 63 63 63 56 56 56
49 49 49 56 63 63 72 63 63
56 56 56 63 56 63 63 63
64 63 63 63 63 63 63 63 63 63
63 63 63 63 63 63 63 63
63 63 63 63 63 63 63
63 63 63 63 63 63
63 63 63 63 63 63
63 63 63 63 63 63
63 63 63 63 63 63 63 63 63
63 63 63 63 63 63
63 63 63 63 63 63
63 63 63 63 63 63 63
63 63 63 63 63 63 63 63
63 63 63 63 63 63
63 63 63 63 63 63
63 63 63 63 63 63 63 63
63 63 63 63 63 63 63 63 63
63 63 63 63 63 63 63 63
63 63 63 63 63 63
63 63 63 63 56 63
63 63 63 63 63 63 63
63 63 63 63 63 63 63 63
63 63 63 63 63 63 63 63 63
63 63 63 63 63 63 63
63 63 63 63 63 63
63 63 63 63 56 42 63
63 63 63 63 63 63 63
63 63 63 63 63 63 63 63 63
63 63 63 63 63 56
56 49 49 56 63 63 56 56
56 49 49 56 63 63 63 63
63 63 63 63 63 63 63
63 63 63 63 63 63 63 63
63 63 63 63 63 63 63
56 49 49 49 56 63
63 56 56 56 49 63 63
63 63 63 63 63 63 63
63 63 63 63 63 63 63 63 63
63 63 63 63 63 63 63 63 63
63 63 63 63 63 63 63 63
63 63 63 63 63 63 63 63
63 63 63 63 63 63 63 63
63 63 56 56 49 63
63 63 63 63 63 63 63
63 63 63 63 63 63 63
63 63 63 63 63 63 63 63
63 63 63 63
63 63 63 63 63
63 63 63 63 63 63
63 63 63 63 63 63 63 63
63 63 63 63 63 63 63 56 56
63 56 56 63 63 63 63 63 63
63 63 63 63 63 63 63 63 63
63 63 63 63 63 63 63 63
63 63 63 63 63 63 63 63 63
56 63 63 63 63 63 63 63 63
63 63 63 63 63 63 63
63 63 63 63 63 63 63 63
63 63 63 63 63 63 56
63 63 63 63 63 63 56 56 56
56 56 56 56 56 56
56 63 63 63 63 63 63 63
63 63 63 63 63 63 63
63 63 63 63 63 63 63 63
63 63 63 63 63 63 63 63
56 56 63 63 63 63 63 63
63 63 63 63 63 63
63 63 63 63 63 63 63
63 63 63 63 63 63 63 63
63 63 63 63 63 63 63 63 63
63 63 63 63 63 63
63 63 63 63 63 63 63
63 63 63 63 63 63
63 63 63 63 63 63 63 63
63 63 63 63 63 63 63
63 63 63 63 63 63 63 63
63 63 63 63 63 63 63 63
63 63 63 63 63 63 63 63
63 63 63 63 63 63 63 63
63 63 63 63 63 63 63 63 63
63 63 63 63 63 63 63 63
63 63 56 56 64 63 63
63 63 63 63 63 63 63
63 63 63 63 63 63 63
63 63 63 63 56 56 56
63 56 63 63 56 63
63 63 63 63 63 63 63
63 63 63 63 63 63 63 63 63
63 63 63 63 63 63 63
63 63 63 63 63 63 63
63 63 63 63 63 63 56
63 63 63 63 63 63 63 63
63 63 63 63 63 63 63 63 63
63 63 63 63 63 63 63 63 63
63 63 63 63 63 63
63 63 63 63 63 63 63 63 63
63 63 63 63 63 63 63 63
63 63 63 63 63 63 63
63 63 63 63 63 63 63
63 63 63 63 56 63
63 63 63 63 63 63 63 63
63 63 63 63 63
56 63 63 63 63 63
63 63 63 63 63 63 63
63 63 63 63 63 63 63 63 63
63 63 63 63 63 63 63
63 63 63 63 63 63 63 63
63 63 63 63 63 63
63 63 56 56 56 56 63
63 63 63 63 63 63 63
63 63 63 63 63 63 63 63
63 63 63 63 63 63 63
63 63 63 63 63 63
63 63 63 63 63 63
63 63 63 63 63 63 63
63 63 63 63 63 63 63
63 63 63 63 63 63 63
63 63 63 63 63 63
63 63 63 63 63 63 63 63
63 63 63 63 63 63
63 63 63 63 63 63
63 63 63 63 63 63 63 63 63
63 63 63 63 63 63 63
63 63 63 63 63
63 63 63 63 63 63 63 63
63 63 63 63 63 63 63 63
63 63 63 63 63 63 63 63
63 63 63 63 63 63 63
63 63 63 63 63 40 64
72 25 25 25 25 25 25 25
25 25 25 25
63 63 63 63 63 63 63 63
63 63 63 63 0 0
