64 63 63 64 64 64 64
64 64 64 64 64 56 56 56
32 32 56 56 64 64 64 64
56 32 32 56 56 63 63
63 63 64 64 64 64 64
64 64 64 64 63 63 63 56
63 63 63 56 64 64 64
64 64 64 64 64 64 64 64
64 64 64 64 64 64 64 64 64
64 64 64 63 63 63 63 63
63 63 63 63 63 56 56 64
64 64 64 64 64 64 64 64 64 63
63 63 63 64 64 64 56 36
36 63 64 64 64 64 64 64 64
64 64 64 64 64 64 32 64 64 64
64 56 56 32 64 64 64 64
64 64 64 63 63 63 63
63 63 63 63 63 63 63 63 63
63 56 56 56 63 63 63
56 56 63 63 63 63 63
56 63 72 63 63 56 63
63 63 63 63 63 72
64 64 72 63 63 63 56 64
64 64 64 64 63 63 63 56 56
56 56 63 63 63 56 56 56
56 64
64 64 63 63 63 63 63 63 72
0 0 63 63 63 64 64
64 64 64 64 64 64 64
64 64 64 64 64 64 64 64
64 64 56 64 64 64 64
64 64 64 64 63 63 56 64 64
64 64 64 64 64 64 64 64
64 64 64 40 40 64 64
40 40 64 64 64 64 64 64
64 64 64 64 64
63 64 64 64 63 63 63
63 64 64 64
63 45 64 64 64 64 64 64
64 64 64 64 64 64 63
63 63 72 72 72 72 63 36
36 36 63 63 63 63 63 63 63
56 64 64 64 64 64 64
64 64 64 64 63 63 63 64 64
64 63 64 63 56 63 63
63 63 63 63 63
63 36 36 36 63 63 63 63
63 63 63 36 36 63
63 63 63 63 63 63
36 36 63 63 63
63 63 63 63 63 63 63
63 63 72 72 72 63 63 63 36
36 63 36 36 63 63 63 63
63 63 63 63 63 36 63
63 63 63 63 63 63
63 36 36 63 63 63 63 63 63
63 64 56 64 56 63 56 63
63 63 63 63 63 63 63 63
63 63 63 63 63 63 63 63
63 63 63 35 56 35
42 42 42 63 56 63 63
63 63 63 63 63 63 63 63 63 63
63 63 63 63 63 63
63 63 63 36 63 63 63 63 36
63 63 63 63 63 63
63 63 63 63 63 63 36 36 36
36 63 36 63 63 36 36 32
32 36 63 63 42 42
63 63 63 63 56 63
63 63 63 56 63 63 63 63
63 56 64 64 64 63 63 63
63 72 45 64 64
72 72 64 64 64 64
64 64 64 64 64 64 72
72 72 72 72 64 64 64 64
72 72 64 72 72 63
63 63 72 56 56 56
56 56 56 63 36 63 56 56
56 56 63 63 63 64 56 56
56 56 56 64 64 64 64
64 64 64 56 56 72
63 63 63 63 63 63 63
63 63 63 63 63 56 63
63 63 63 56 56 56 64
64 64 64 56 56 72 72 72
63 63 56 56 56 32
56 63 63 63 63 63 63
56 64 64 64 64 64
56 56 56 63 56 56 63 63
63 56 56 56 64 56 56 56 63
36 32
32 32 56 56 56 32 32
56 56 56 32 32 56 56
56 56 64 64 56 56 56
56 56 63 63 56 56
63 63 56 56 56 56 56 56
56 56 56 56 32 56 56 63 63
63 63 63 63 63 56 64 64
64 56 63 63 63 24 24 64 64
63 56 63 56 63 63 63
63 63 63 63 36 36 63 63
63 64 64 56 36 56
63 72 72 72 72 63 63
42 63 63 63 35 56 63
63 63 63 56 63 56 56
56 56 56 56 56 56 56
56 56 56 56 56
56 63 63 63 36 36 36 36
63 63 63 36 63 63 63 63 36
36 36 36 36 36 36 36 63
36 36 36 36 63 63 36
63 63 63 63 63 36 63 63 63
63 63 63 63 63 63 63 63
63 36 32 32 32 56 56 56
56 56 56 56 56 56 63 63 72
63 63 63 72 72 72
72 56 56 56 56 56
56 56 56 72 63 64 64 64
64 64 72 64 63 63 63 63
36 36 36 36 36 63 63 36
72 72 63 63 63 72 72
72 72 72 72 64 56 56 56
56 63 63 56 63 63 63
63 63 63 63 36 72
63 63 63 63 63 63 63
63 63 63 63 63 63 63
63 63 63 63 63 63
63 63 63 56 64 36
36 36 36 36 36 36
36 36 63 36 9 9
36 36 36 36 36 63 56
56 56 56 56 56 36 36 64
63 63 63 63 63 63
63 63 63 63
36 36 63 63 36 63 63
63 63 36 63 63 63 63
64 64 64 64 64 64 64
64 56 56 56 56 56
56 56 56 64 64 72 72 72
72 72 72 72 72 72 72 72
72 63 63 63 63 63
63 63 63 63 63 63 63
63 64 56 56 56 56 56 56
63 36 36 56 63 63 63 63 63
63 63 36 36 36 36 36 36
36 63 63 36 72 72 63
63 63 32 32 32 56
32 32 56 56 56 32 32 56
56 32 36 36 63 63 56 56 56
56 63 63 56 56 24 24 64 56
64 56 64
30 30 72 72 72 48 64 72
72 72 72 72 36 63
63 64 64 64 63 63 56 64
64 64 64 64 64 63 63 63
63 63 63 72 63 63 64 64
63 63 63 63 63 63 63
63 63 64 64 64 64 64 64
64 64 64 64 63 63 42 63
63 63 63 63 64 72 72 72
72 30 72 72 72 72 72 72 72
72 72 72 72 32 32 32 8
32 32 32 36 36 36 36 36
63 63 63 36 63
63 36 36 36 36 36 36
36 56 63 63 63 63 63 63
63 63 63 63 63 36 36
36 36 36 63 63 63 63 36
9 32 32 32 32 32 32 32 32 32
36 36 36 36 36 36 36
36 63 63 63 63 36 63
63 63 63 63 63 63
56 56 64 56 56 56 56 56
40 40 40 40 45 72 72
72 72 72 72 72 72 72 72
63 63 56 64 72 72 72 72
56 56 56 56 56 56 56
56 56 56 56 56 56 56 56
56 56 64 64 64 64 64 64
63 56 56 56 56 56 56 56
56 56 63 63 64 64 64
64 64 64 64 64 64 64 56 56 63
72 72 56 56 63 63 64 56
64 64 64 64 64 64 64 40 40
64 64 64 64 64 56 56
56 56 64 64 64 72
72 72 72 72 64 72 72 64
64 32 32 32 56 56 63 63
63 56 56 63 63 72 72
72 63 63 36 63 36 63
63 36 63 63 63 63 63 63
63 63 63 56 63
63 63 72 72 72 72 72 72
72 72 63 63 63 56 64
64 64 64 64 64 64 64 64
64 64 64 64 72 72 72 72
56 56 56 63 63 63 63
72 72 72 72 72 63 72 72
45 63 48 40 40 64 64 40 40
40 40 40 40 32 56 56 56 56 56 36
36 36 36 36 63 63 63 63
63 63 36 36 72 63 36 63
72 72 56 56 56 63 63 36 72 72
64 64 64 64 64 64 64
64 64 56 64 64 64 64 40
40 40 40 45 45 45 24
56 56 63 63 63 24
63 63 42 64 64 64 45
45 45 45 45 45 45
45 45 45 45 45 45 72 40 45
40 48 48 72 48 48 72 63
32 64 64 64 40 40 40 40
40 36 36 32 36
36 36 45 45 45 45
45 45 45 64 64 64 64
64 64 64 56 56 56 64 64
64 56 56 64 64 64 64 64
48 12 12 15 15 15 15 15 15 15
15 24
24 24 24 24 24 24 24 48 63
36 24 36 36 36 36 63 56 32
64 64 64 64 64 64 64 64
64 64 64 64 63 63 63
64 64 64 64 64
64 64 64 56 56 56 56 56
32 32 32 56 72 72 12
12 15 15 15 15 15 15
15 15 15 15 15 15 15 15
15 15 15 15 15 63 63 63 63
63 63 64 56 56 56
56 56 56 56 63 72 72 56
64 64 64 64 64 64 64 64 64
64 64 56 56 56 63 64 64 64
64 64 64 64 56 64 56 56
56 64 64 64 64 64 64 63 63
63 63 63 63 63 56
56 56 56 63 56 56 56 56
56 56 64 64 63 63 63 72 63
63 63 72 72 72 72 72 72
72 36 63 63 63 63 63 63
63 63 63 63 56 56 56
56 64 64 64 64 56
64 64 56 64 56 56 64
64 64 64 64 64 63 63
63 63 63 56 64 64
63 63 63 63 63 63
15 15 15 15 15 63
63 63 63 72 72 72 64 64
72 72 64 64 64 64 64 63 63
63 63 63 63 63
63 63 56 56 56 56 20
24 72 72 72 72 72 63 63
36 36 36 36 36 36 63
63 63 63 63 63 63 63
63 20 20 20 24 24 24 48
48 48 30 30 30 24 63 63
64 64 64 64 64 63 63 63
63 72 72 63 63 36 63 63 63
45 72 63 36 36 63 63
63 63 72 72 72 72 72 36
24 56 56 56 56 56 56
20 20 20 20 20 35 20
20 20 24 24 24 63 63 72
30 30 30 72 72 72 72 72
72 72 72 72 72 64 64 64 64
63 63 63 63 63 63 63
63 56 63 63 63 56 63 63
63 63 63 63 64 64 64 72
72 72 45 36 63 63 63 63 63
36 36 63 63 63 63 63
63 63 64 64 63 63
63 63 63 63 63 63 63 63 63
63 64 64 36 56 56 63
63 72 72 72 72 72 63 72 64 64
40 32 36 36 63 63 72 36 36 36
36 36 36 63 63 63 36
64 64 64 56 63 63 63 63 63
56 56 56 42 63 63 64 64 64
64 64 64 56 56 49 56 64
64 64 64 64 32 64 64
64 64 64 64 64 64 64
63 45 45 45 72 64
64 64 64 64 64 63 56
56 56 56
56 64 56 56 56 56
32 32 56 56 64 56
63 64 64 63 63 63 63
64 64 56 56 56 56 45
45 40 32 32 32 32 36
36 36 36 36 63 63 63
63 63 63 56 32 64 32
8 8 8 64 64 64 63
63 63 63 64 32 8
8 8 36 64 64 64 56
56 63 63 56 56 56 56 56
56 56 63 63 56 63 56 56
56 56 56 56 56 63 63
63 63 56 64 64 64 64 72
72 36 36 64 56 56 56
56 63 63 63 64 64 64 63
63 64 56 64 72 63
56 56 32 20 20 16 24
24 56 56 56 36 9 63
63 63 63 63 36 36
32 32 36 36 36 36 36 36
63 63 63 63 56 32 20
20 20 20 20 20 20 20 20
20 20 25 25 25 25 64 64 72
64 63 63 63 63 64 56 56
56 56 56 56 56 56 56 56
72 63 56 56 56 56 8
8 64 64 64 63 63 63
63 63 63 63 63
32 32 56 56 56 63 63
63 63 63 64 63
63 63 63 72 63 64 64
64 64 64 63 63 63 63
64 64 64 64 64 64 63 63 56
32 64 64 64 64 64
64 64 64 64 64 63 63 63
56 63 63 63 63 56 56 56
32 32 56 64 64 64 64 64
64 64 56 63 63 56 56
56 56 56 56 49 49
64 64
64 63 63 56
64 64 64 56 56 64
64 64 63 64 64 56
64 64 64 64 63 63 64 64
56 56 64 64 64 64 64
64 64 64 64 64 72 72 72
72 72 72 72 72 72
63 63 64 64 64
63 64 64 64 64 64 63
63 56 56 56 56
56 56 56 56 56 56 56
56 64 64 64 64 64 64
56 56 63 63 63 63 63
63 64 64 64 56 56 56
56 64 64 64 63 63
63 63 63 63 72 72 72
72 63 63 63 63 63 64 64
64 64 32 32 32 32
40 64 64 64 64
32 32 64 63 63 63 72 72
72 72 72 72 72 72
64 64 64 64 64 63 63 64 64
64 56 56 56 56 64 64
56 64 56 56 56 64
64 56 56 56 56 56
56 56 56 56 56 56
72 72 72 72 72 72 72
56 56 64 56 56 56 56
56 56 56 56 64 63
63 63 63 63 63 63 63 63
56 56 56 56 56 56 56
56 64 64 64 64 56 63 63 63
63 64 64 64 63 63 64
64 64 64 64 64 64 64 64 64
64 64 64 56 56 64 64 64
64 64 64 64 64 64 64
63 63 63 64 64 64 64
64 64 64 72 63 64 64 64
64 64 64 48 48 48 48 48
72 64 64 64 64 40 40 40
64 64 64 64 64 64 64
64 63 63 64 64
64 64 64 64 72 64
64 24 63 63 63 56
64 64 64 64 64 64 64
63 56 56 56 64 56 56
56 56 35 35 35 35 35 35
56 63 63 64 64 63 63
64 64 64 64 64 64 64
64 64 64 64 64 0 0 0
