72 72 72 72 72 72 72 72 72
72 72 72 72 64
56 72 72 63 63 64 64 64
64 64 64 64 64 64 32
32 56 64 64 64 63 63
63 63 63 72 72 63 72
72 72 63 63 63 63
63 63
64 63 63 63 63 63 63
63 63 63 36 32 56
0 0 0 63 64 64 64
64 64 64 64 64 64 64
64 40 40 72 64 64 64 64
64 64 64 64 64 64
72 64 64 64 64 64 64 63 63 72
64 64 64 72 64 64 64
72 64 72 72 72 64 63 36
45 45 45 72 64 64 64 64
64 64 56 63
72 63 63 64 64
64 64
63 63 63 63 63 63 63 64
64 64 64 64 64 63 63
63 56 56 32 56 45
45 36 72 64 64 64
63 63 63 63 63 63 36 32
32 32 32 32 32 36
36 36 72 72 72 72 72
36 36 72 72 72 56 32
32 32 56 64 64 63
63 63 63 63 63 63 63 72
63 63 63 63 63 63 63 63
64 64 64 64 64 64
64 56 56 63 63
63 63 56 56 32 36 36
9 9 36 63 36 36 64 64
64 32 32 64 64 64 63 72
63 63 56 56 63 63 63
63 63 63 64 64 64 64
64 64 64
30 63 63 63 64 64 64
64 64 64 64 56 63
63 72
36 36 63 63 64 56 56 56 72
63 63 63
63 64 64 64 72 63 63 63
63 36 72 72 63 63
63 63
72 72 72 56 56 56
56 56 56 56 56 56 56 56 56 63
30 30 72 72 64 56 56
56 20
56 63 63 63 32 32 63
63 63 56 56
63 63 63 63 63 63 63 6
63 63 63 63 63 63 63 45
40 64 64 64 0 0 0 0 0
0 0 0 0 0 0 0
0 0
0 0 0 0 0 0 0
0 0 0 0 0 0
0 0 0 0 0 0 0 0
0 0 0 0 0
0 0 0 63 63 63 63 63 63
56 56 56 56 56 56 56 56 63
72 72 72 72 72 36
63 63 63 63 63 63 56
63 36 36 63 56 56
63 64 56 56 56 63 63 63 56
56 63 63 63 63 63
72 72 56
56 63 63 63 63 56 63
63 63 63 63 63 63
63 63 63 63 63 63 63
63 63
36 64 64 64 63 63 63 63
63 63 63 63 63 63 56 63
63 63 63 63 63 63 63 63
63 63 36 56 56 36
63 63 63 63 63
56 64 63 63 63 63
63 63
56 32 36 63 63 72 64 64
64 36 63 63 63 36
36 63
63 64 64 64 64 64 63
63 56 56 56
56 56 56 64 25 64 64
64 64 63 63 63 63 64
36 64 64 64
36 63 72 64 64 64 63
63 63 63 63 63 63 63 63
63 63 56 56 32 32 56
56 63 63 63 63
63 63 63 63 63 64 64
63 72 72 72 72 36 63 63
63 36 36 63 63 72 72 36 36
72 72 63 63 63
63 63 63 63 63 63 63 63 63 36
36 63 63 63 63 63 63
72 72 64 64 64 64 56 63
63 63 72 72 72 72
56 56 56 56 64 72 72
72 72 72 72 72
64 72 72 63 24 24 63
63 63 63 63
63 63 63 63 63 63
63 63 63 63 63 63 63
63 63 63 63 56 72 64
56 56 56 32 63
72 63 56 56 56 56 56 56 56
56 56 63 63 56
56 64 64 72 72 72 72 63
63 63 63 63 63 63 64
64 56 32 32 56 56
56 56 56 56 64 63 63
63 63 63 63 63 63
72 72 72 72 72 72 72
72 63 63 32 32 32
32 63
63 72 63 56 64 63 63
63 63 63 63 63 25 25 25 25
20 20
56 64 64 64 56 56 56 64 56
56 56 63 63 64
64 64 64 63 63 63 63
56 63 63 56 63
63 63 64 64 64 64 64
64 63 63 63 63 72 64 64 64 72
72 63
56 63 63 63 72 72 72 72 72
72 72 72 64 64 64
64 63 63 63 56 56 32 56 56
56 56 56 63 72 72 72 72
72 72 63 56 56 56 56 56
56 56
56 56 64 64 64 64
64 63 63 63 63 63 63
63 63 63 64 64 64 64
72 72 72 72 72 72
72 63 36 64 63
72 72 64 64 64 64 64
64 64 64 64 64 72 48
48 24 24
48 32 32 63 64 64 64
64 63 63 63 72 63 63
56 64 63 64 63 63
63 72 72 63 63 56
56 56 56 56 56
56 56 56 56 64 72
63 63 63 63 63
56 63 72 72 72 72 72 63
63 63 63 63 32 32 32
56 56 56 56 64
64 32 32 32 32 56 56
32 32 32 64 64 64 64
63 63 63 63
72 72 72 72 72 72 56 56
56 56 56 56 56 56
64 64 56 63 63 56 56 56
63 72 63 56 56
72 72 72 72 72
72 72 72 36 63 63
63 72 56 72 72 63 63 63 63
64 64
72 72 72 72 72 72
72 56 56 56
63 63 63 63 63 63
63 36 63 63 63 63 56
56 56 56 72 72 72
36 36 36 36 63 63 63
63 63 63 36 36 36 36 45
45 72
64 36 63 63 63 63 63
63 63 36 64 64 64
56 64 64 64 64 63 63
63 63 63 63 63 63 63
63 63 63
63 63 63 63 63
63 56 56 56 56 56
45 72 72 72
56 56 64 64 56 56 56 56 56
56 56 63
63 63 63 64 64 64 64
64 56 63 72 72 72
72 72 72 72 72 72
56 64 64
40 64 64 64 64 64 64 64 64 64
64 64 56 63 63 72
72 72 72 72 72 72 32
32 36 36 36 36 56 63 56
56 56 63 36 36 56 32 56 56
63 63 63 56 63 63 63 64
63 63 63 63 63 63 64
63 63 63 72 64 64 64
64 64 64 64
63 72 72 72 72 72 72
72 72 72 36 36 36 36
36 36
63 63 72 63 63 63 63 63 63
63 63 63 63 63 63
63 63 63 64 64 64 64 64 64
64 63 64
64 56 56 63 63 63 63 63
63 63 63 56 56 56 56
63 72 72 63 63
56 64 56 56 56 32
56 64 56 56 56 56 64
64 64 64 64 64
64 63 63 63 63 63 72
72 72 72 63 24
36 56 56 63 63 63
63 63 56 35 35
35 35 35 35 35 56 64
64 64 64 64 40 40 64 64
64 64 64 45 45 45 45 64
64 64 64 56 56 56 36 36
36 63 36 64 64 64
64 64 63 63 63 63
64 64 64 64 64 64 64
64 64 64
64 64 0 0
