0 63 63 63 63 64 64 64 63
63 63 63 63 63 56 56 64
64 64 63 63 63 63 63 63
63 63 63 63 63 63 64 64
72 72 63 63 72 72 56 56 64
63 63 63 63 63 56 56 63
63 63 63 56 56 64 64 56
0 0 63 56 56 64
64 64 64 56 56 56 56
56 63 63 63 63 72 63 63
63 63 64 64 64 63
63 63 63 64 64 56 56
56 63 56 63 63 63
64 64 63 63 63 63 63 63
56 63 63 63 63 63 63 63
63 56 56 56 56 56 56 63
63 56 56 56 56 56 56 56
63 63 63 64 64 64 63 63
63 63 56 64 64
63 63 63 56 56 56 56
56 56 56 64 64 56 63 63
63 63 63 63 72 56 56 56
63 63 63 63 63 63 64 64 63
63 56 56 56 56 56 56
63 63 63 56 56 56 56 63
56 72 63 56 64 64
64 63 63 56 56 56 56 63 63
63 63 63 63
56 63 63 63 56 56 56
56 64 64 63 63
63 64 64 64 64 64 64
72 64 64 64 64
63 63 63 56 63 63 63 72 72
72 72 64 64 63 63 63 63
64 64 0 56 64 64 63 63 63
63 63 63 64 64 63
63 63 63 64 64 64 64 64 56
56 64 64 56 56 56 56 56 56
56 56 64 64 64 64 64 64 64
64 56 56 56 56 63
72 56 56 64 56 56 56
56 56 56 56 56 64 64 64 64
56 63 63 64 64
72 63 56 56 56 63 56
56 64 64 64 63 63 63 63 56
64 64 56 56 56
56 63 63 63 56 64 64
56 63 64 64 64 63 63
56 56 56 56 56 56 56 64
64 64 64 64 56 56 56 56 64
56 63 63 63 63
64 64 63 64 64 64 64
64 64 64 63 56 64 64
64 63 56 64 64
56 56 56 64 63 56 56 56 63
63 56 56 64 64 64
56 64 56 64 56
56 56 64 56 56 72 72
63 64 56 64 64 64 64
63 63 63 63 72 72 64
64 64 56 56 56 56 56
56 56 56 56 56 63
64 64 64 64 64
63 63 63 63 63 56
56 56 56 56 63 63 63
56 56 56 56 56 64 64 64
64 56 56 64 56 56 72 64
56 56 63 72 72 56 56
56 63 63 56 64 64 64
64 64 64 56 64 64
56 72 63 56 56
63 72 72 64 56
63 63 63 56 56
56 56 72 64 72 63
72 63
63 72 63 63 56
72 56 56 64 64 64 56 56
56 56 64 56 63 63 63
64 64 64 64 64 64 63
63 63 64 64 64
64 64 56 64 64 64
64 32 32 56 64 64 56 64
64 72 72 64 63 64
72 72 72 72 72 63 56 56
63 63 63 63 64 64
64 64 63 63 63 56 63
56 64 64 64 64 56
64 64 64 64 63 56 56 64
64 63 63 63 63 63 56
56 63 63 63 64 64
64 56 56 63 63 63 56
64 64 64 64 64 63 63
63 63 63 63 63 72 56
64 64 56 56 56 56 72
56 56 56 72 72 72 72
64 64 63 63
56 56 64 56 56
64 64 64 56 56 63 63 63 63
63 63 72 64 56 56 56
56 56 56 56 56 63 72 63
63 56 56 64 64 56 64
64 56 56 56 56 56 56
64 64 63 63 63 64 64
63 56 56 63 64 56 56 63
63 63 63 63 56 56 56
56 63 63 64 64 56
56 56 56 56 56 56 56
56 56 56 56 63 63 63 63 63
63 63 63 63 63 56 64 56
56 56 63 63 63 63 64 64
64 64 63 56 56 56
64 56 64 56
56 56 56 56 56 56 64 64 64
64 64 64 64
63 63 64 64 56 56
56 56 56 56 56 56 56 63
72 72 72 72 56 64 56 56
56 63 64 64 56 56 56
56 63 63 63 63 63 63
63 63 72 72 63 63 56 56 56 56
56 56 64 64 56 56
56 56 64 64 56 63 63
63 63 63 63 72 72
64 56 64 64 64 64
64 64 64 63 63 56 56 63
63 63 63 63 63 63 63
63 63 72 64 64 63
63 63 63 63 72 63 63 63
63 63 63 56 56 56 64
63 63 63 63 63 63 64 64
56 63 72 63 63 63
63 63 63 72 63
63 64 64 63 63 63 63 63
63 63 63 56 56 64 64
64 64 63 63 63 64 64
64 64 64 64 56 56 56 63
63 63 64 56 56 56 56
64 64 64 64 64 56 64 64 64 64
56 56 56 56 56 56 72 72
72 72 63 63 63 64
64 64 63 63 63 63 63 63
64 64 56 63 63 63
63 63 56 56 56 56 56
72 72 56 64
63 64 64 63 63 63
63 63 63 64 64 64
56 56 56 56 56
64 64 63 63 63 56 56 56
63 56 56 63 56 56 56 56 56
56 56 63 72 72 72 64 63
72 72 56 56 64
64 64 63 63 63 63
63 63 63 63 63 56
64 64 56 56 56
56 56 64 64 64
64 63 63 63 63 63 63 63
63 56 64 64 56 56 56
63 63 63 63 63 72 64
64 64 56 56 64
64 64 72 64
64 64 64 63
63 63 63 63 63 63 56 56 56
64 64 64 64 63
63 56 56 56 56 56 56 63
63 63 72 72 63 63
63 63 63 56 56 63 56 56
64 64 64 64 64 63
63 63 63 56 63
63 64 56 56 64 64
56 64 56 56 64 64 64
64 64 63 63 63 63 64
64 64 64 64 64 64
64 63 63 63 63 63 63 72 72
72 72 72 64 64 64 56
56 56 56 64 64 64 64 64
64 64 63 64 64 56
64 63 63
63 63 63 63 56 56 56
64 64 64 64 64 64 64 63
63 63 63 63 63 56 56
56 63 72 72 72 72 72 63
64 64 64 64 63 63 64
64 56 56 56 56 56 63
63 63 63 63 63 63
63 72 64 56 64 56 56
56 56 56 56 56 56 56 56
56 56 64 64 63 63 72
72 72 72 63 56 56
56 56 63 63 63
63 63 63 72 64 56 56
63 56 64 56 56 56
64 56 56 64 64 64
63 63 63 64 64 64 64 64 56
56 63 63 63 63 56 64
56 63 63 63 64
64 64 64 64 56 56 56 56
56 56 56 56 56 56
56 56 56 56 56
63 56 56 56
56 56 56 56 56 64
64 63 63 64 64 64 64
64 63 63 64 64 64 64
56 64 64 64 63
63 64 64 63 72 63 64 64
64 64 64 64 64 64
64 56 56 56 63 72
64 64 64 64 56 56 56
63 56 56 64 64 64
56 56 56 56 56 63 64
56 56 56 56 56 56 56 64
64 63 64 64 64 56 64
64 63 63 63 56
56 56 63 63 63 63 56
63 63 64 64 56 56 56
56 56 56 56 56 56 64
63 63 64 64 63
63 63 63 63 63 63 63
63 63 64 64 56 56 56
63 63 63 64 64 64 64
64 64 64 63 63 63 63 63 63
63 63 63 63 64 64 64 64 63
64 64 64 64 72 72 72 63 63
63 56 63 63 64 64 64 64
56 56 56 56 56 63 63
63 64 64 64 64 64 64
64 64 64 63 63 63
64 64 64 64 64 63 63
63 63 64 56 63
72 64 64 63 63 56 56 56 56
56 56 56 63 64 64 64
56 56 64 64 64 64 64
64 63 64 64 64 64 64 64
56 56 63 63
56 56 56 64 64 63 63
63 63 63 63 63 64 63 64
56 56 56 64 64 64 64 56
56 56 56 56 56 64 63
56 56 64 64 64 56 64 64 64
64 64 63 63 63 63 63 56
56 63 64 64 64 56 56
56 63 63 56 56 56 56 63 63
64 63 72 72 63 63 63 63 56
56 63 56 56 64 64 64
64 64 64 64 64 64 63 63
63 63 63 72 64 64 64
64 56 56 63 64 64
72 64 64 56 56 56 72 64
64 64 64 72 64 64 72
64 64 56 64 64 64 64 0
